180.576,73.5662,275.415,211.182,350,129.4
180.576,72.7711,276.156,211.796,350,129.4
180.576,72.0948,276.8,212.29,350,129.4
180.576,71.5332,277.348,212.669,350,129.4
180.576,71.0808,277.805,212.939,350,129.4
180.576,70.7313,278.175,213.107,350,129.4
180.576,70.4773,278.461,213.18,350,129.4
180.576,70.3105,278.67,213.169,350,129.4
180.576,70.2222,278.808,213.082,350,129.4
180.576,70.2029,278.881,212.93,350,129.4
180.576,70.2429,278.898,212.722,350,129.4
180.576,70.332,278.865,212.468,350,129.4
180.576,70.4604,278.79,212.18,350,129.4
180.576,70.6181,278.68,211.866,350,129.4
180.576,70.7958,278.543,211.535,350,129.4
180.576,70.9842,278.387,211.197,350,129.4
180.576,71.1749,278.219,210.859,350,129.4
180.576,71.3604,278.044,210.528,350,129.4
180.576,71.5337,277.871,210.21,350,129.4
180.576,71.689,277.703,209.909,350,129.4
180.576,71.8215,277.547,209.629,350,129.4
180.576,71.9275,277.406,209.371,350,129.4
180.576,72.0044,277.284,209.137,350,129.4
180.576,72.0506,277.184,208.926,350,129.4
180.576,72.0659,277.107,208.736,350,129.4
180.576,72.0507,277.055,208.564,350,129.4
180.576,72.0067,277.029,208.408,350,129.4
180.576,71.9365,277.028,208.261,350,129.4
180.576,71.8432,277.051,208.118,350,129.4
180.576,71.7309,277.097,207.974,350,129.4
180.576,71.6039,277.164,207.822,350,129.4
180.576,71.4671,277.249,207.654,350,129.4
180.576,71.3254,277.349,207.465,350,129.4
180.576,71.1839,277.461,207.247,350,129.4
180.576,71.0476,277.582,206.994,350,129.4
180.576,70.9211,277.707,206.701,350,129.4
180.576,70.8089,277.835,206.362,350,129.4
180.576,70.7145,277.96,205.973,350,129.4
180.576,70.6413,278.08,205.532,350,129.4
180.576,70.5917,278.191,205.036,350,129.4
180.576,70.5672,278.291,204.485,350,129.4
180.576,70.5686,278.376,203.878,350,129.4
180.576,70.5958,278.445,203.219,350,129.4
180.576,70.6478,278.496,202.509,350,129.4
180.576,70.7229,278.527,201.754,350,129.4
180.576,70.8182,278.537,200.96,350,129.4
180.576,70.9305,278.526,200.132,350,129.4
180.576,71.0558,278.494,199.279,350,129.4
180.576,71.1895,278.44,198.41,350,129.4
180.576,71.3268,278.366,197.533,350,129.4
180.576,71.4626,278.272,196.659,350,129.4
180.576,71.5917,278.159,195.797,350,129.4
180.576,71.709,278.029,194.957,350,129.4
180.576,71.81,277.883,194.15,350,129.4
180.576,71.8902,277.723,193.385,350,129.4
180.576,71.9461,277.55,192.67,350,129.4
180.576,71.9748,277.365,192.014,350,129.4
180.576,71.9746,277.171,191.422,350,129.4
180.576,71.9446,276.968,190.902,350,129.4
180.576,71.8853,276.757,190.457,350,129.4
180.576,71.7985,276.539,190.09,350,129.4
180.576,71.6872,276.314,189.803,350,129.4
180.576,71.5559,276.081,189.594,350,129.4
180.576,71.4106,275.841,189.461,350,129.4
180.576,71.2584,275.592,189.402,350,129.4
180.576,71.108,275.332,189.409,350,129.4
180.576,70.9691,275.061,189.477,350,129.4
180.576,70.8527,274.774,189.597,350,129.4
180.576,70.7705,274.47,189.76,350,129.4
180.576,70.7353,274.146,189.953,350,129.4
180.576,70.7602,273.796,190.167,350,129.4
180.576,70.8589,273.419,190.389,350,129.4
180.576,71.0453,273.008,190.606,350,129.4
180.576,71.333,272.56,190.805,350,129.4
180.576,71.7353,272.069,190.974,350,129.4
180.576,72.2652,271.532,191.102,350,129.4
180.576,72.9347,270.943,191.175,350,129.4
180.576,73.7548,270.297,191.184,350,129.4
180.576,74.7353,269.589,191.12,350,129.4
180.576,75.8844,268.815,190.974,350,129.4
180.576,77.2089,267.97,190.741,350,129.4
180.576,78.7137,267.049,190.414,350,129.4
180.576,80.4018,266.05,189.992,350,129.4
180.576,82.2744,264.969,189.474,350,129.4
180.576,84.3305,263.802,188.86,350,129.4
180.576,86.567,262.548,188.154,350,129.4
180.576,88.9788,261.204,187.36,350,129.4
180.576,91.5589,259.769,186.486,350,129.4
180.576,94.2982,258.242,185.539,350,129.4
180.576,97.186,256.624,184.531,350,129.4
180.576,100.21,254.914,183.473,350,129.4
180.576,103.355,253.115,182.378,350,129.4
180.576,106.608,251.229,181.26,350,129.4
180.576,109.95,249.258,180.133,350,129.4
180.576,113.365,247.205,179.012,350,129.4
180.576,116.836,245.076,177.913,350,129.4
180.576,120.342,242.873,176.852,350,129.4
180.576,123.867,240.604,175.841,350,129.4
180.576,127.391,238.274,174.897,350,129.4
180.576,130.896,235.89,174.032,350,129.4
180.576,134.365,233.459,173.258,350,129.4
180.576,137.78,230.988,172.586,350,129.4
180.576,141.126,228.486,172.026,350,129.4
180.576,144.388,225.961,171.585,350,129.4
180.576,147.552,223.423,171.268,350,129.4
180.576,150.606,220.879,171.08,350,129.4
180.576,153.538,218.339,171.022,350,129.4
180.576,156.341,215.813,171.094,350,129.4
180.576,159.006,213.311,171.295,350,129.4
180.576,161.526,210.84,171.62,350,129.4
180.576,163.898,208.411,172.064,350,129.4
180.576,166.119,206.032,172.619,350,129.4
180.576,168.187,203.712,173.276,350,129.4
180.576,170.102,201.46,174.026,350,129.4
180.576,171.865,199.283,174.856,350,129.4
180.576,173.48,197.188,175.756,350,129.4
180.576,174.95,195.182,176.711,350,129.4
180.576,176.28,193.271,177.708,350,129.4
180.576,177.476,191.461,178.734,350,129.4
180.576,178.543,189.756,179.775,350,129.4
180.576,179.49,188.159,180.818,350,129.4
180.576,180.323,186.673,181.85,350,129.4
180.576,181.05,185.301,182.858,350,129.4
180.576,181.68,184.043,183.832,350,129.4
180.576,182.22,182.899,184.76,350,129.4
180.576,182.679,181.869,185.634,350,129.4
180.576,183.065,180.95,186.445,350,129.4
180.576,183.385,180.141,187.187,350,129.4
180.576,183.647,179.437,187.854,350,129.4
180.576,183.857,178.835,188.442,350,129.4
180.576,184.024,178.33,188.948,350,129.4
180.576,184.152,177.916,189.372,350,129.4
180.576,184.249,177.587,189.713,350,129.4
180.576,184.318,177.338,189.973,350,129.4
180.576,184.366,177.16,190.155,350,129.4
180.576,184.395,177.048,190.261,350,129.4
180.576,184.41,176.993,190.296,350,129.4
180.576,184.415,176.988,190.266,350,129.4
180.576,184.412,177.027,190.177,350,129.4
180.576,184.403,177.1,190.034,350,129.4
180.576,184.391,177.203,189.846,350,129.4
180.576,184.377,177.327,189.619,350,129.4
180.576,184.363,177.466,189.36,350,129.4
180.576,184.349,177.615,189.077,350,129.4
180.576,184.337,177.768,188.776,350,129.4
180.576,184.326,177.919,188.465,350,129.4
180.576,184.318,178.064,188.15,350,129.4
180.576,184.313,178.2,187.837,350,129.4
180.576,184.31,178.323,187.531,350,129.4
180.576,184.309,178.43,187.237,350,129.4
180.576,184.312,178.52,186.959,350,129.4
180.576,184.316,178.591,186.702,350,129.4
180.576,184.323,178.643,186.467,350,129.4
180.576,184.332,178.675,186.257,350,129.4
180.576,184.343,178.688,186.074,350,129.4
180.576,184.356,178.682,185.919,350,129.4
180.576,184.37,178.658,185.791,350,129.4
180.576,184.386,178.618,185.691,350,129.4
180.576,184.402,178.564,185.617,350,129.4
180.576,184.42,178.498,185.569,350,129.4
180.576,184.438,178.422,185.545,350,129.4
180.576,184.457,178.338,185.543,350,129.4
180.576,184.476,178.249,185.561,350,129.4
180.576,184.495,178.158,185.596,350,129.4
180.576,184.515,178.066,185.645,350,129.4
180.576,184.534,177.975,185.706,350,129.4
180.576,184.553,177.889,185.777,350,129.4
180.576,184.571,177.808,185.854,350,129.4
180.576,184.588,177.735,185.935,350,129.4
180.576,184.604,177.671,186.018,350,129.4
180.576,184.619,177.617,186.1,350,129.4
180.576,184.632,177.574,186.179,350,129.4
180.576,184.643,177.542,186.253,350,129.4
180.576,184.652,177.522,186.32,350,129.4
180.576,184.659,177.514,186.38,350,129.4
180.576,184.663,177.518,186.43,350,129.4
180.576,184.664,177.533,186.471,350,129.4
180.576,184.661,177.559,186.501,350,129.4
180.576,184.656,177.595,186.521,350,129.4
180.576,184.647,177.639,186.529,350,129.4
180.576,184.635,177.691,186.527,350,129.4
180.576,184.62,177.749,186.515,350,129.4
180.576,184.601,177.811,186.493,350,129.4
180.576,184.579,177.878,186.462,350,129.4
180.576,184.554,177.946,186.423,350,129.4
180.576,184.526,178.014,186.378,350,129.4
180.576,184.496,178.082,186.326,350,129.4
180.576,184.464,178.147,186.271,350,129.4
180.576,184.431,178.209,186.212,350,129.4
180.576,184.396,178.266,186.152,350,129.4
180.576,184.362,178.317,186.092,350,129.4
180.576,184.327,178.361,186.032,350,129.4
180.576,184.293,178.398,185.975,350,129.4
180.576,184.261,178.427,185.922,350,129.4
180.576,184.231,178.447,185.874,350,129.4
180.576,184.204,178.458,185.831,350,129.4
180.576,184.18,178.46,185.795,350,129.4
180.576,184.16,178.454,185.767,350,129.4
180.576,184.145,178.439,185.747,350,129.4
180.576,184.134,178.416,185.735,350,129.4
180.576,184.129,178.384,185.732,350,129.4
180.576,184.129,178.346,185.738,350,129.4
180.576,184.135,178.302,185.752,350,129.4
180.576,184.147,178.252,185.775,350,129.4
180.576,184.164,178.197,185.806,350,129.4
180.576,184.187,178.139,185.844,350,129.4
180.576,184.215,178.078,185.888,350,129.4
180.576,184.247,178.016,185.937,350,129.4
180.576,184.284,177.954,185.991,350,129.4
180.576,184.324,177.893,186.047,350,129.4
180.576,184.367,177.833,186.106,350,129.4
180.576,184.412,177.777,186.164,350,129.4
180.576,184.458,177.725,186.221,350,129.4
180.576,184.504,177.677,186.275,350,129.4
180.576,184.549,177.636,186.325,350,129.4
180.576,184.593,177.6,186.37,350,129.4
180.576,184.633,177.572,186.408,350,129.4
180.576,184.67,177.552,186.437,350,129.4
180.576,184.703,177.539,186.457,350,129.4
180.576,184.731,177.534,186.468,350,129.4
180.576,184.752,177.537,186.468,350,129.4
180.576,184.767,177.548,186.456,350,129.4
180.576,184.776,177.566,186.433,350,129.4
180.576,184.778,177.592,186.399,350,129.4
180.576,184.773,177.624,186.353,350,129.4
180.576,184.762,177.661,186.298,350,129.4
180.576,184.744,177.703,186.232,350,129.4
180.576,184.72,177.749,186.157,350,129.4
180.576,184.692,177.797,186.076,350,129.4
180.576,184.66,177.846,185.988,350,129.4
180.576,184.624,177.895,185.897,350,129.4
180.576,184.587,177.942,185.803,350,129.4
180.576,184.549,177.986,185.71,350,129.4
180.576,184.512,178.025,185.618,350,129.4
180.576,184.477,178.059,185.531,350,129.4
180.576,184.446,178.085,185.451,350,129.4
180.576,184.421,178.102,185.379,350,129.4
180.576,184.402,178.11,185.318,350,129.4
180.576,184.391,178.107,185.27,350,129.4
180.576,184.389,178.092,185.236,350,129.4
180.576,184.397,178.066,185.218,350,129.4
180.576,184.416,178.027,185.218,350,129.4
180.576,184.446,177.976,185.234,350,129.4
180.576,184.488,177.912,185.269,350,129.4
180.576,184.542,177.837,185.322,350,129.4
180.576,184.607,177.751,185.392,350,129.4
180.576,184.682,177.656,185.479,350,129.4
180.576,184.767,177.553,185.58,350,129.4
180.576,184.86,177.443,185.695,350,129.4
180.576,184.96,177.33,185.819,350,129.4
180.576,185.063,177.214,185.95,350,129.4
180.576,185.169,177.1,186.085,350,129.4
180.576,185.273,176.99,186.219,350,129.4
180.576,185.374,176.888,186.349,350,129.4
180.576,185.467,176.796,186.47,350,129.4
180.576,185.55,176.718,186.575,350,129.4
180.576,185.618,176.659,186.662,350,129.4
180.576,185.669,176.62,186.723,350,129.4
180.576,185.697,176.607,186.755,350,129.4
180.576,185.7,176.623,186.75,350,129.4
180.576,185.673,176.671,186.705,350,129.4
180.576,185.614,176.755,186.614,350,129.4
180.576,185.518,176.878,186.472,350,129.4
180.576,185.383,177.042,186.275,350,129.4
180.576,185.206,177.251,186.018,350,129.4
180.576,184.984,177.506,185.699,350,129.4
180.576,184.714,177.809,185.313,350,129.4
180.576,184.396,178.163,184.859,350,129.4
180.576,184.028,178.567,184.335,350,129.4
186.455,159.847,214.309,180.743,179.216,129.4
186.455,159.847,214.309,180.743,179.216,129.4
186.455,159.847,214.309,180.743,179.216,129.4
186.455,159.847,214.309,180.743,179.216,129.4
186.455,159.847,214.309,180.743,179.216,129.4
186.455,159.847,214.309,180.743,179.216,129.4
186.455,159.847,214.309,180.743,179.216,129.4
186.455,159.847,214.309,180.743,179.216,129.4
186.455,159.847,214.309,180.743,179.216,129.4
186.455,159.847,214.309,180.743,179.216,129.4
186.455,159.847,214.309,180.743,179.216,129.4
186.455,159.847,214.309,180.743,179.216,129.4
186.455,159.847,214.309,180.743,179.216,129.4
186.455,159.847,214.309,180.743,179.216,129.4
186.455,159.847,214.309,180.743,179.216,129.4
186.455,159.847,214.309,180.743,179.216,129.4
186.455,159.847,214.309,180.743,179.216,129.4
186.455,159.847,214.309,180.743,179.216,129.4
186.455,159.847,214.309,180.743,179.216,129.4
186.455,159.847,214.309,180.743,179.216,129.4
186.455,159.847,214.309,180.743,179.216,129.4
186.455,159.847,214.309,180.743,179.216,129.4
186.455,159.847,214.309,180.743,179.216,129.4
186.455,159.847,214.309,180.743,179.216,129.4
186.455,159.847,214.309,180.743,179.216,129.4
186.455,159.847,214.309,180.743,179.216,129.4
186.455,159.847,214.309,180.743,179.216,129.4
186.455,159.847,214.309,180.743,179.216,129.4
186.455,159.847,214.309,180.743,179.216,129.4
186.455,159.847,214.309,180.743,179.216,129.4
186.455,159.847,214.309,180.743,179.216,129.4
186.455,159.847,214.309,180.743,179.216,129.4
186.455,159.847,214.309,180.743,179.216,129.4
186.455,159.847,214.309,180.743,179.216,129.4
186.455,159.847,214.309,180.743,179.216,129.4
186.455,159.847,214.309,180.743,179.216,129.4
186.455,159.847,214.309,180.743,179.216,129.4
186.455,159.847,214.309,180.743,179.216,129.4
186.455,159.847,214.309,180.743,179.216,129.4
186.455,159.847,214.309,180.743,179.216,129.4
186.455,159.847,214.309,180.743,179.216,129.4
186.455,159.847,214.309,180.743,179.216,129.4
186.455,159.847,214.309,180.743,179.216,129.4
186.455,159.847,214.309,180.743,179.216,129.4
186.455,159.847,214.309,180.743,179.216,129.4
186.455,159.847,214.309,180.743,179.216,129.4
186.455,159.847,214.309,180.743,179.216,129.4
186.455,159.847,214.309,180.743,179.216,129.4
186.455,159.847,214.309,180.743,179.216,129.4
186.455,159.847,214.309,180.743,179.216,129.4
186.455,159.847,214.309,180.743,179.216,129.4
186.455,159.847,214.309,180.743,179.216,129.4
186.455,159.847,214.309,180.743,179.216,129.4
186.455,159.847,214.309,180.743,179.216,129.4
186.455,159.847,214.309,180.743,179.216,129.4
186.455,159.847,214.309,180.743,179.216,129.4
186.455,159.847,214.309,180.743,179.216,129.4
186.455,159.847,214.309,180.743,179.216,129.4
186.455,159.847,214.309,180.743,179.216,129.4
186.455,159.847,214.309,180.743,179.216,129.4
186.455,159.847,214.309,180.743,179.216,129.4
186.455,159.847,214.309,180.744,179.216,129.4
186.455,159.847,214.309,180.744,179.216,129.4
186.455,159.847,214.309,180.744,179.216,129.4
186.455,159.847,214.31,180.744,179.216,129.4
186.455,159.847,214.31,180.744,179.216,129.4
186.455,159.847,214.31,180.744,179.216,129.4
186.455,159.847,214.31,180.744,179.216,129.4
186.455,159.847,214.31,180.744,179.216,129.4
186.455,159.847,214.31,180.744,179.216,129.4
186.455,159.847,214.31,180.744,179.216,129.4
186.455,159.847,214.31,180.744,179.216,129.4
186.455,159.847,214.31,180.744,179.216,129.4
186.455,159.847,214.31,180.744,179.216,129.4
186.455,159.847,214.31,180.744,179.216,129.4
186.455,159.847,214.31,180.744,179.216,129.4
186.455,159.847,214.31,180.744,179.216,129.4
186.455,159.847,214.31,180.744,179.216,129.4
186.455,159.847,214.31,180.744,179.216,129.4
186.455,159.847,214.31,180.744,179.216,129.4
186.455,159.847,214.31,180.744,179.216,129.4
186.455,159.847,214.31,180.744,179.216,129.4
186.455,159.847,214.31,180.744,179.216,129.4
186.455,159.847,214.31,180.744,179.216,129.4
186.455,159.847,214.31,180.744,179.216,129.4
186.455,159.847,214.31,180.744,179.216,129.4
186.455,159.847,214.31,180.744,179.216,129.4
186.455,159.847,214.31,180.744,179.216,129.4
186.455,159.847,214.31,180.744,179.216,129.4
186.455,159.847,214.31,180.744,179.216,129.4
186.455,159.847,214.31,180.744,179.216,129.4
186.455,159.847,214.31,180.744,179.216,129.4
186.455,159.847,214.31,180.744,179.216,129.4
186.455,159.847,214.31,180.744,179.216,129.4
186.455,159.847,214.31,180.744,179.216,129.4
186.455,159.847,214.31,180.744,179.216,129.4
186.455,159.847,214.31,180.744,179.216,129.4
186.455,159.847,214.31,180.744,179.216,129.4
186.455,159.847,214.31,180.744,179.216,129.4
186.455,159.847,214.31,180.744,179.216,129.4
186.455,159.847,214.31,180.744,179.216,129.4
186.455,159.847,214.31,180.744,179.216,129.4
186.455,159.847,214.31,180.744,179.216,129.4
186.455,159.847,214.31,180.744,179.216,129.4
186.455,159.847,214.31,180.744,179.216,129.4
186.455,159.847,214.31,180.744,179.216,129.4
186.455,159.847,214.31,180.744,179.216,129.4
186.455,159.847,214.31,180.744,179.216,129.4
186.455,159.847,214.31,180.744,179.216,129.4
186.455,159.847,214.31,180.744,179.216,129.4
186.455,159.847,214.31,180.744,179.216,129.4
186.455,159.847,214.31,180.744,179.216,129.4
186.455,159.847,214.31,180.744,179.216,129.4
186.455,159.847,214.31,180.744,179.216,129.4
186.455,159.847,214.31,180.744,179.216,129.4
186.455,159.847,214.31,180.744,179.216,129.4
186.456,159.847,214.31,180.744,179.216,129.4
186.456,159.847,214.31,180.744,179.216,129.4
186.456,159.847,214.31,180.744,179.216,129.4
186.456,159.847,214.31,180.744,179.216,129.4
186.456,159.847,214.31,180.744,179.216,129.4
186.456,159.847,214.31,180.744,179.216,129.4
186.456,159.847,214.31,180.744,179.216,129.4
186.456,159.847,214.31,180.744,179.216,129.4
186.456,159.847,214.31,180.744,179.216,129.4
186.456,159.847,214.31,180.744,179.216,129.4
186.456,159.847,214.31,180.744,179.216,129.4
186.456,159.847,214.31,180.744,179.216,129.4
186.456,159.847,214.31,180.744,179.216,129.4
186.456,159.847,214.31,180.744,179.216,129.4
186.456,159.847,214.31,180.744,179.216,129.4
186.456,159.847,214.31,180.744,179.216,129.4
186.456,159.847,214.31,180.744,179.216,129.4
186.456,159.847,214.31,180.744,179.216,129.4
186.456,159.847,214.31,180.744,179.216,129.4
186.456,159.847,214.31,180.744,179.216,129.4
186.456,159.847,214.31,180.744,179.216,129.4
186.456,159.847,214.31,180.744,179.216,129.4
186.456,159.847,214.31,180.744,179.216,129.4
186.456,159.847,214.31,180.744,179.216,129.4
186.456,159.847,214.31,180.744,179.216,129.4
186.456,159.847,214.31,180.744,179.216,129.4
186.456,159.847,214.31,180.744,179.216,129.4
186.456,159.847,214.31,180.744,179.216,129.4
186.456,159.847,214.31,180.744,179.216,129.4
186.456,159.847,214.31,180.744,179.216,129.4
186.456,159.847,214.31,180.744,179.216,129.4
186.456,159.847,214.31,180.744,179.216,129.4
186.456,159.847,214.31,180.744,179.216,129.4
186.456,159.847,214.31,180.744,179.216,129.4
186.456,159.847,214.31,180.744,179.216,129.4
186.456,159.847,214.31,180.744,179.216,129.4
186.456,159.847,214.31,180.744,179.216,129.4
186.456,159.847,214.31,180.744,179.216,129.4
186.456,159.847,214.31,180.744,179.216,129.4
186.456,159.847,214.31,180.744,179.216,129.4
186.456,159.847,214.31,180.744,179.216,129.4
186.456,159.847,214.31,180.744,179.216,129.4
186.456,159.847,214.31,180.744,179.216,129.4
186.456,159.847,214.31,180.744,179.216,129.4
186.456,159.847,214.31,180.744,179.216,129.4
186.456,159.847,214.31,180.744,179.216,129.4
186.456,159.847,214.31,180.744,179.216,129.4
186.456,159.847,214.31,180.744,179.216,129.4
186.456,159.847,214.31,180.744,179.216,129.4
186.456,159.847,214.31,180.744,179.216,129.4
186.456,159.847,214.31,180.744,179.216,129.4
186.456,159.847,214.31,180.744,179.216,129.4
186.456,159.847,214.31,180.744,179.216,129.4
186.456,159.847,214.31,180.744,179.216,129.4
186.456,159.847,214.31,180.744,179.216,129.4
186.456,159.847,214.31,180.744,179.216,129.4
186.456,159.847,214.31,180.744,179.216,129.4
186.456,159.847,214.31,180.744,179.216,129.4
186.456,159.847,214.31,180.744,179.216,129.4
186.456,159.847,214.31,180.744,179.216,129.4
186.456,159.847,214.31,180.744,179.216,129.4
186.456,159.847,214.31,180.744,179.216,129.4
186.456,159.847,214.31,180.744,179.216,129.4
186.456,159.847,214.31,180.744,179.216,129.4
186.456,159.847,214.31,180.744,179.216,129.4
186.456,159.847,214.31,180.744,179.216,129.4
186.456,159.847,214.31,180.744,179.216,129.4
186.456,159.847,214.31,180.744,179.216,129.4
186.456,159.847,214.31,180.744,179.216,129.4
186.456,159.847,214.31,180.744,179.216,129.4
186.456,159.847,214.31,180.744,179.216,129.4
186.456,159.847,214.31,180.744,179.216,129.4
186.456,159.847,214.31,180.744,179.216,129.4
186.456,159.847,214.31,180.744,179.216,129.4
186.456,159.847,214.31,180.744,179.216,129.4
186.456,159.847,214.31,180.744,179.216,129.4
186.456,159.847,214.31,180.744,179.216,129.4
186.456,159.847,214.31,180.744,179.216,129.4
186.456,159.847,214.31,180.744,179.216,129.4
186.456,159.847,214.31,180.744,179.216,129.4
186.456,159.847,214.31,180.744,179.216,129.4
186.456,159.847,214.31,180.744,179.216,129.4
186.456,159.847,214.31,180.744,179.216,129.4
186.456,159.847,214.31,180.744,179.216,129.4
186.456,159.847,214.31,180.744,179.216,129.4
186.456,159.847,214.31,180.744,179.216,129.4
186.456,159.847,214.31,180.744,179.216,129.4
186.456,159.847,214.31,180.744,179.216,129.4
186.456,159.847,214.31,180.744,179.216,129.4
186.456,159.847,214.31,180.744,179.216,129.4
186.456,159.847,214.31,180.744,179.216,129.4
186.456,159.847,214.31,180.744,179.216,129.4
186.456,159.847,214.31,180.744,179.216,129.4
186.456,159.847,214.31,180.744,179.216,129.4
186.456,159.847,214.31,180.744,179.216,129.4
186.456,159.847,214.31,180.744,179.216,129.4
186.456,159.847,214.31,180.744,179.216,129.4
186.456,159.847,214.31,180.744,179.216,129.4
186.456,159.847,214.31,180.744,179.216,129.4
186.456,159.847,214.31,180.744,179.216,129.4
186.456,159.847,214.31,180.744,179.216,129.4
186.456,159.847,214.31,180.744,179.216,129.4
186.456,159.847,214.31,180.744,179.216,129.4
186.456,159.847,214.31,180.744,179.216,129.4
186.456,159.847,214.31,180.744,179.216,129.4
186.456,159.847,214.31,180.744,179.216,129.4
186.456,159.847,214.31,180.744,179.216,129.4
186.456,159.847,214.31,180.744,179.216,129.4
186.456,159.847,214.31,180.744,179.216,129.4
186.456,159.847,214.31,180.744,179.216,129.4
186.456,159.847,214.31,180.744,179.216,129.4
186.456,159.847,214.31,180.744,179.216,129.4
186.456,159.847,214.31,180.744,179.216,129.4
186.456,159.847,214.31,180.744,179.216,129.4
186.456,159.847,214.31,180.744,179.216,129.4
186.456,159.847,214.31,180.744,179.216,129.4
186.456,159.847,214.31,180.744,179.216,129.4
186.456,159.847,214.31,180.744,179.216,129.4
186.456,159.847,214.31,180.744,179.216,129.4
186.456,159.847,214.31,180.744,179.216,129.4
186.456,159.847,214.31,180.744,179.216,129.4
186.456,159.847,214.31,180.744,179.216,129.4
186.456,159.847,214.31,180.744,179.216,129.4
186.456,159.847,214.31,180.744,179.216,129.4
186.456,159.847,214.31,180.744,179.216,129.4
186.456,159.847,214.31,180.744,179.216,129.4
186.456,159.847,214.31,180.744,179.216,129.4
186.456,159.847,214.31,180.744,179.216,129.4
186.456,159.847,214.31,180.744,179.216,129.4
186.456,159.847,214.31,180.744,179.216,129.4
186.456,159.847,214.31,180.744,179.216,129.4
186.456,159.847,214.31,180.744,179.216,129.4
186.456,159.847,214.31,180.744,179.216,129.4
186.456,159.847,214.31,180.744,179.216,129.4
186.456,159.847,214.31,180.744,179.216,129.4
186.456,159.847,214.31,180.744,179.216,129.4
186.456,159.847,214.31,180.744,179.216,129.4
186.456,159.847,214.31,180.744,179.216,129.4
186.456,159.847,214.31,180.744,179.216,129.4
186.456,159.847,214.31,180.744,179.216,129.4
186.456,159.847,214.31,180.744,179.216,129.4
186.456,159.847,214.31,180.744,179.216,129.4
186.456,159.847,214.31,180.744,179.216,129.4
186.456,159.847,214.31,180.744,179.216,129.4
186.456,159.847,214.31,180.744,179.216,129.4
186.456,159.847,214.31,180.744,179.216,129.4
186.456,159.847,214.31,180.744,179.216,129.4
186.456,159.847,214.31,180.744,179.216,129.4
186.456,159.847,214.31,180.744,179.216,129.4
186.456,159.847,214.31,180.744,179.216,129.4
186.456,159.847,214.31,180.744,179.216,129.4
186.456,159.847,214.31,180.744,179.216,129.4
186.456,159.847,214.31,180.744,179.216,129.4
186.456,159.847,214.31,180.744,179.216,129.4
186.456,159.847,214.31,180.744,179.216,129.4
186.456,159.847,214.31,180.744,179.216,129.4
186.456,159.847,214.31,180.744,179.216,129.4
186.456,159.847,214.31,180.744,179.216,129.4
186.456,159.847,214.31,180.744,179.216,129.4
186.456,159.847,214.31,180.744,179.216,129.4
186.456,159.847,214.31,180.744,179.216,129.4
186.456,159.847,214.31,180.744,179.216,129.4
186.456,159.847,214.31,180.744,179.216,129.4
186.456,159.847,214.31,180.744,179.216,129.4
186.456,159.847,214.31,180.744,179.216,129.4
186.456,159.847,214.31,180.744,179.216,129.4
186.456,159.847,214.31,180.744,179.216,129.4
186.456,159.847,214.31,180.744,179.216,129.4
186.456,159.847,214.31,180.744,179.216,129.4
186.456,159.847,214.31,180.744,179.216,129.4
186.456,159.847,214.31,180.744,179.216,129.4
186.456,159.847,214.31,180.744,179.216,129.4
186.456,159.847,214.31,180.744,179.216,129.4
186.456,159.847,214.31,180.744,179.216,129.4
186.456,159.847,214.31,180.744,179.216,129.4
186.456,159.847,214.31,180.744,179.216,129.4
186.456,159.847,214.31,180.744,179.216,129.4
186.456,159.847,214.31,180.744,179.216,129.4
186.456,159.847,214.31,180.744,179.216,129.4
186.456,159.847,214.31,180.744,179.216,129.4
186.456,159.847,214.31,180.744,179.216,129.4
186.456,159.847,214.31,180.744,179.216,129.4
186.456,159.847,214.31,180.744,179.216,129.4
186.456,159.847,214.31,180.744,179.216,129.4
186.456,159.847,214.31,180.744,179.216,129.4
186.456,159.847,214.31,180.744,179.216,129.4
186.456,159.847,214.31,180.744,179.216,129.4
186.456,159.847,214.31,180.744,179.216,129.4
186.456,159.847,214.31,180.744,179.216,129.4
186.456,159.847,214.31,180.744,179.216,129.4
186.456,159.847,214.31,180.744,179.216,129.4
186.456,159.847,214.31,180.744,179.216,129.4
186.456,159.847,214.31,180.744,179.216,129.4
186.456,159.847,214.31,180.744,179.216,129.4
186.456,159.847,214.31,180.744,179.216,129.4
186.456,159.847,214.31,180.744,179.216,129.4
186.456,159.847,214.31,180.744,179.216,129.4
186.456,159.847,214.31,180.744,179.216,129.4
186.456,159.847,214.31,180.744,179.216,129.4
186.456,159.847,214.31,180.744,179.216,129.4
186.456,159.847,214.31,180.744,179.216,129.4
186.456,159.847,214.31,180.744,179.216,129.4
186.456,159.847,214.31,180.744,179.216,129.4
186.456,159.847,214.31,180.744,179.216,129.4
186.456,159.847,214.31,180.744,179.216,129.4
186.456,159.847,214.31,180.744,179.216,129.4
186.456,159.847,214.31,180.744,179.216,129.4
186.456,159.847,214.31,180.744,179.216,129.4
186.456,159.847,214.31,180.744,179.216,129.4
186.456,159.847,214.31,180.744,179.216,129.4
186.456,159.847,214.31,180.744,179.216,129.4
186.456,159.847,214.31,180.744,179.216,129.4
186.456,159.847,214.31,180.744,179.216,129.4
186.456,159.847,214.31,180.744,179.216,129.4
186.456,159.847,214.31,180.744,179.216,129.4
186.456,159.847,214.31,180.744,179.216,129.4
186.456,159.847,214.31,180.744,179.216,129.4
186.456,159.847,214.31,180.744,179.216,129.4
186.456,159.847,214.31,180.744,179.216,129.4
186.456,159.847,214.31,180.744,179.216,129.4
186.456,159.847,214.31,180.744,179.216,129.4
186.456,159.847,214.31,180.744,179.216,129.4
186.456,159.847,214.31,180.744,179.216,129.4
186.456,159.847,214.31,180.744,179.216,129.4
186.456,159.847,214.31,180.744,179.216,129.4
186.456,159.847,214.31,180.744,179.216,129.4
186.456,159.847,214.31,180.744,179.216,129.4
186.456,159.847,214.31,180.744,179.216,129.4
186.456,159.847,214.31,180.744,179.216,129.4
186.456,159.847,214.31,180.744,179.216,129.4
186.456,159.847,214.31,180.744,179.216,129.4
186.456,159.847,214.31,180.744,179.216,129.4
186.456,159.847,214.31,180.744,179.216,129.4
186.456,159.847,214.31,180.744,179.216,129.4
186.456,159.847,214.31,180.744,179.216,129.4
186.456,159.847,214.31,180.744,179.216,129.4
186.456,159.847,214.31,180.744,179.216,129.4
186.456,159.847,214.31,180.744,179.216,129.4
186.456,159.847,214.31,180.744,179.216,129.4
186.456,159.847,214.31,180.744,179.216,129.4
186.456,159.847,214.31,180.744,179.216,129.4
186.456,159.847,214.31,180.744,179.216,129.4
186.456,159.847,214.31,180.744,179.216,129.4
186.456,159.847,214.31,180.744,179.216,129.4
186.456,159.847,214.31,180.744,179.216,129.4
186.456,159.847,214.31,180.744,179.216,129.4
186.456,159.847,214.31,180.744,179.216,129.4
186.456,159.847,214.31,180.744,179.216,129.4
186.456,159.847,214.31,180.744,179.216,129.4
186.456,159.847,214.31,180.744,179.216,129.4
186.456,159.847,214.31,180.744,179.216,129.4
186.456,159.847,214.31,180.744,179.216,129.4
186.456,159.847,214.31,180.744,179.216,129.4
186.456,159.847,214.31,180.744,179.216,129.4
186.456,159.847,214.31,180.744,179.216,129.4
186.456,159.847,214.31,180.744,179.216,129.4
186.456,159.847,214.31,180.744,179.216,129.4
186.456,159.847,214.31,180.744,179.216,129.4
186.456,159.847,214.31,180.744,179.216,129.4
186.456,159.847,214.31,180.744,179.216,129.4
186.456,159.847,214.31,180.744,179.216,129.4
186.456,159.847,214.31,180.744,179.216,129.4
186.456,159.847,214.31,180.744,179.216,129.4
186.456,159.847,214.31,180.744,179.216,129.4
186.456,159.847,214.31,180.744,179.216,129.4
186.456,159.847,214.31,180.744,179.216,129.4
186.456,159.847,214.31,180.744,179.216,129.4
186.456,159.847,214.31,180.744,179.216,129.4
186.456,159.847,214.31,180.744,179.216,129.4
186.456,159.847,214.31,180.744,179.216,129.4
186.456,159.847,214.31,180.744,179.216,129.4
186.456,159.847,214.31,180.744,179.216,129.4
186.456,159.847,214.31,180.744,179.216,129.4
186.456,159.847,214.31,180.744,179.216,129.4
186.456,159.847,214.31,180.744,179.216,129.4
186.456,159.847,214.31,180.744,179.216,129.4
186.456,159.847,214.31,180.744,179.216,129.4
186.456,159.847,214.31,180.744,179.216,129.4
186.456,159.847,214.31,180.744,179.216,129.4
186.456,159.847,214.31,180.744,179.216,129.4
186.456,159.847,214.31,180.744,179.216,129.4
186.456,159.847,214.31,180.744,179.216,129.4
186.456,159.847,214.31,180.744,179.216,129.4
186.456,159.847,214.31,180.744,179.216,129.4
186.456,159.847,214.31,180.744,179.216,129.4
186.456,159.847,214.31,180.744,179.216,129.4
186.456,159.847,214.31,180.744,179.216,129.4
186.456,159.847,214.31,180.744,179.216,129.4
186.456,159.847,214.31,180.744,179.216,129.4
186.456,159.847,214.31,180.744,179.216,129.4
186.456,159.847,214.31,180.744,179.216,129.4
186.456,159.847,214.31,180.744,179.216,129.4
186.456,159.847,214.31,180.744,179.216,129.4
186.456,159.847,214.31,180.744,179.216,129.4
186.456,159.847,214.31,180.744,179.216,129.4
186.456,159.847,214.31,180.744,179.216,129.4
186.456,159.847,214.31,180.744,179.216,129.4
186.456,159.847,214.31,180.744,179.216,129.4
186.456,159.847,214.31,180.744,179.216,129.4
186.456,159.847,214.31,180.744,179.216,129.4
186.456,159.847,214.31,180.744,179.216,129.4
186.456,159.847,214.31,180.744,179.216,129.4
186.456,159.847,214.31,180.744,179.216,129.4
186.456,159.847,214.31,180.744,179.216,129.4
186.456,159.847,214.31,180.744,179.216,129.4
186.456,159.847,214.31,180.744,179.216,129.4
186.456,159.847,214.31,180.744,179.216,129.4
186.456,159.847,214.31,180.744,179.216,129.4
186.456,159.847,214.31,180.744,179.216,129.4
186.456,159.847,214.31,180.744,179.216,129.4
186.456,159.847,214.31,180.744,179.216,129.4
186.456,159.847,214.31,180.744,179.216,129.4
186.456,159.847,214.31,180.744,179.216,129.4
186.456,159.847,214.31,180.744,179.216,129.4
186.456,159.847,214.31,180.744,179.216,129.4
186.456,159.847,214.31,180.744,179.216,129.4
186.456,159.847,214.31,180.744,179.216,129.4
186.456,159.847,214.31,180.744,179.216,129.4
186.456,159.847,214.31,180.744,179.216,129.4
186.456,159.847,214.31,180.744,179.216,129.4
186.456,159.847,214.31,180.744,179.216,129.4
186.456,159.847,214.31,180.744,179.216,129.4
186.456,159.847,214.31,180.744,179.216,129.4
186.456,159.847,214.31,180.744,179.216,129.4
186.456,159.847,214.31,180.744,179.216,129.4
186.456,159.847,214.31,180.744,179.216,129.4
186.456,159.847,214.31,180.744,179.216,129.4
186.456,159.847,214.31,180.744,179.216,129.4
186.456,159.847,214.31,180.744,179.216,129.4
186.456,159.847,214.31,180.744,179.216,129.4
186.456,159.847,214.31,180.744,179.216,129.4
186.456,159.847,214.31,180.744,179.216,129.4
186.456,159.847,214.31,180.744,179.216,129.4
186.456,159.847,214.31,180.744,179.216,129.4
186.456,159.847,214.31,180.744,179.216,129.4
186.456,159.847,214.31,180.744,179.216,129.4
186.456,159.847,214.31,180.744,179.216,129.4
186.456,159.847,214.31,180.744,179.216,129.4
186.456,159.847,214.31,180.744,179.216,129.4
186.456,159.847,214.31,180.744,179.216,129.4
186.456,159.847,214.31,180.744,179.216,129.4
186.456,159.847,214.31,180.744,179.216,129.4
186.456,159.847,214.31,180.744,179.216,129.4
186.456,159.847,214.31,180.744,179.216,129.4
186.456,159.847,214.31,180.744,179.216,129.4
186.456,159.847,214.31,180.744,179.216,129.4
186.456,159.847,214.31,180.744,179.216,129.4
186.456,159.847,214.31,180.744,179.216,129.4
186.456,159.847,214.31,180.744,179.216,129.4
186.456,159.847,214.31,180.744,179.216,129.4
186.456,159.847,214.31,180.744,179.216,129.4
186.456,159.847,214.31,180.744,179.216,129.4
186.456,159.847,214.31,180.744,179.216,129.4
186.456,159.847,214.31,180.744,179.216,129.4
186.456,159.847,214.31,180.744,179.216,129.4
186.456,159.847,214.31,180.744,179.216,129.4
186.456,159.847,214.31,180.744,179.216,129.4
186.456,159.847,214.31,180.744,179.216,129.4
186.456,159.847,214.31,180.744,179.216,129.4
186.456,159.847,214.31,180.744,179.216,129.4
186.456,159.847,214.31,180.744,179.216,129.4
186.456,159.847,214.31,180.744,179.216,129.4
186.456,159.847,214.31,180.744,179.216,129.4
186.456,159.847,214.31,180.744,179.216,129.4
186.456,159.847,214.31,180.744,179.216,129.4
186.456,159.847,214.31,180.744,179.216,129.4
186.456,159.847,214.31,180.744,179.216,129.4
186.456,159.847,214.31,180.744,179.216,129.4
186.456,159.847,214.31,180.744,179.216,129.4
186.456,159.847,214.31,180.744,179.216,129.4
186.456,159.847,214.31,180.744,179.216,129.4
186.456,159.847,214.31,180.744,179.216,129.4
186.456,159.847,214.31,180.744,179.216,129.4
186.456,159.847,214.31,180.744,179.216,129.4
186.456,159.847,214.31,180.744,179.216,129.4
186.456,159.847,214.31,180.744,179.216,129.4
186.456,159.847,214.31,180.744,179.216,129.4
186.456,159.847,214.31,180.744,179.216,129.4
186.456,159.847,214.31,180.744,179.216,129.4
186.456,159.847,214.31,180.744,179.216,129.4
186.456,159.847,214.31,180.744,179.216,129.4
186.456,159.847,214.31,180.744,179.216,129.4
186.456,159.847,214.31,180.744,179.216,129.4
186.456,159.847,214.31,180.744,179.216,129.4
186.456,159.847,214.31,180.744,179.216,129.4
186.456,159.847,214.31,180.744,179.216,129.4
186.456,159.847,214.31,180.744,179.216,129.4
186.456,159.847,214.31,180.744,179.216,129.4
186.456,159.847,214.31,180.744,179.216,129.4
186.456,159.847,214.31,180.744,179.216,129.4
186.456,159.847,214.31,180.744,179.216,129.4
186.456,159.847,214.31,180.744,179.216,129.4
186.456,159.847,214.31,180.744,179.216,129.4
186.456,159.847,214.31,180.744,179.216,129.4
186.456,159.847,214.31,180.744,179.216,129.4
186.456,159.847,214.31,180.744,179.216,129.4
186.456,159.847,214.31,180.744,179.216,129.4
186.456,159.847,214.31,180.744,179.216,129.4
186.456,159.847,214.31,180.744,179.216,129.4
186.456,159.847,214.31,180.744,179.216,129.4
186.456,159.847,214.31,180.744,179.216,129.4
186.456,159.847,214.31,180.744,179.216,129.4
186.456,159.847,214.31,180.744,179.216,129.4
186.456,159.847,214.31,180.744,179.216,129.4
186.456,159.847,214.31,180.744,179.216,129.4
186.456,159.847,214.31,180.744,179.216,129.4
186.456,159.847,214.31,180.744,179.216,129.4
186.456,159.847,214.31,180.744,179.216,129.4
186.456,159.847,214.31,180.744,179.216,129.4
186.456,159.847,214.31,180.744,179.216,129.4
186.456,159.847,214.31,180.744,179.216,129.4
186.456,159.847,214.31,180.744,179.216,129.4
186.456,159.847,214.31,180.744,179.216,129.4
186.456,159.847,214.31,180.744,179.216,129.4
186.456,159.847,214.31,180.744,179.216,129.4
186.456,159.847,214.31,180.744,179.216,129.4
186.456,159.847,214.31,180.744,179.216,129.4
186.456,159.847,214.31,180.744,179.216,129.4
186.456,159.847,214.31,180.744,179.216,129.4
186.456,159.847,214.31,180.744,179.216,129.4
186.456,159.847,214.31,180.744,179.216,129.4
186.456,159.847,214.31,180.744,179.216,129.4
186.456,159.847,214.31,180.744,179.216,129.4
186.456,159.847,214.31,180.744,179.216,129.4
186.456,159.847,214.31,180.744,179.216,129.4
186.456,159.847,214.31,180.744,179.216,129.4
186.456,159.847,214.31,180.744,179.216,129.4
186.456,159.847,214.31,180.744,179.216,129.4
186.456,159.847,214.31,180.744,179.216,129.4
186.456,159.847,214.31,180.744,179.216,129.4
186.456,159.847,214.31,180.744,179.216,129.4
186.456,159.847,214.31,180.744,179.216,129.4
186.456,159.847,214.31,180.744,179.216,129.4
186.456,159.847,214.31,180.744,179.216,129.4
186.456,159.847,214.31,180.744,179.216,129.4
186.456,159.847,214.31,180.744,179.216,129.4
186.456,159.847,214.31,180.744,179.216,129.4
186.456,159.847,214.31,180.744,179.216,129.4
186.456,159.847,214.31,180.744,179.216,129.4
186.456,159.847,214.31,180.744,179.216,129.4
186.456,159.847,214.31,180.744,179.216,129.4
186.456,159.847,214.31,180.744,179.216,129.4
186.456,159.847,214.31,180.744,179.216,129.4
186.456,159.847,214.31,180.744,179.216,129.4
186.456,159.847,214.31,180.744,179.216,129.4
186.456,159.847,214.31,180.744,179.216,129.4
186.456,159.847,214.31,180.744,179.216,129.4
186.456,159.847,214.31,180.744,179.216,129.4
186.456,159.847,214.31,180.744,179.216,129.4
186.456,159.847,214.31,180.744,179.216,129.4
186.456,159.847,214.31,180.744,179.216,129.4
186.456,159.847,214.31,180.744,179.216,129.4
186.456,159.847,214.31,180.744,179.216,129.4
186.456,159.847,214.31,180.744,179.216,129.4
186.456,159.847,214.31,180.744,179.216,129.4
186.456,159.847,214.31,180.744,179.216,129.4
186.456,159.847,214.31,180.744,179.216,129.4
186.456,159.847,214.31,180.744,179.216,129.4
186.456,159.847,214.31,180.744,179.216,129.4
186.456,159.847,214.31,180.744,179.216,129.4
186.456,159.847,214.31,180.744,179.216,129.4
186.456,159.847,214.31,180.744,179.216,129.4
186.456,159.847,214.31,180.744,179.216,129.4
186.456,159.847,214.31,180.744,179.216,129.4
186.456,159.847,214.31,180.744,179.216,129.4
186.456,159.847,214.31,180.744,179.216,129.4
186.456,159.847,214.31,180.744,179.216,129.4
186.456,159.847,214.31,180.744,179.216,129.4
186.456,159.847,214.31,180.744,179.216,129.4
186.456,159.847,214.31,180.744,179.216,129.4
186.456,159.847,214.31,180.744,179.216,129.4
186.456,159.847,214.31,180.744,179.216,129.4
186.456,159.847,214.31,180.744,179.216,129.4
186.456,159.847,214.31,180.744,179.216,129.4
186.456,159.847,214.31,180.744,179.216,129.4
186.456,159.847,214.31,180.744,179.216,129.4
186.456,159.847,214.31,180.744,179.216,129.4
186.456,159.847,214.31,180.744,179.216,129.4
186.456,159.847,214.31,180.744,179.216,129.4
186.456,159.847,214.31,180.744,179.216,129.4
186.456,159.847,214.31,180.744,179.216,129.4
186.456,159.847,214.31,180.744,179.216,129.4
186.456,159.847,214.31,180.744,179.216,129.4
186.456,159.847,214.31,180.744,179.216,129.4
186.456,159.847,214.31,180.744,179.216,129.4
186.456,159.847,214.31,180.744,179.216,129.4
186.456,159.847,214.31,180.744,179.216,129.4
186.456,159.847,214.31,180.744,179.216,129.4
186.456,159.847,214.31,180.744,179.216,129.4
186.456,159.847,214.31,180.744,179.216,129.4
186.456,159.847,214.31,180.744,179.216,129.4
186.456,159.847,214.31,180.744,179.216,129.4
186.456,159.847,214.31,180.744,179.216,129.4
186.456,159.847,214.31,180.744,179.216,129.4
186.456,159.847,214.31,180.744,179.216,129.4
186.456,159.847,214.31,180.744,179.216,129.4
186.456,159.847,214.31,180.744,179.216,129.4
186.456,159.847,214.31,180.744,179.216,129.4
186.456,159.847,214.31,180.744,179.216,129.4
186.456,159.847,214.31,180.744,179.216,129.4
186.456,159.847,214.31,180.744,179.216,129.4
186.456,159.847,214.31,180.744,179.216,129.4
186.456,159.847,214.31,180.744,179.216,129.4
186.456,159.847,214.31,180.744,179.216,129.4
186.456,159.847,214.31,180.744,179.216,129.4
186.456,159.847,214.31,180.744,179.216,129.4
186.456,159.847,214.31,180.744,179.216,129.4
186.456,159.847,214.31,180.744,179.216,129.4
186.456,159.847,214.31,180.744,179.216,129.4
186.456,159.847,214.31,180.744,179.216,129.4
186.456,159.847,214.31,180.744,179.216,129.4
186.456,159.847,214.31,180.744,179.216,129.4
186.456,159.847,214.31,180.744,179.216,129.4
186.456,159.847,214.31,180.744,179.216,129.4
186.456,159.847,214.31,180.744,179.216,129.4
186.456,159.847,214.31,180.744,179.216,129.4
186.456,159.847,214.31,180.744,179.216,129.4
186.456,159.847,214.31,180.744,179.216,129.4
186.456,159.847,214.31,180.744,179.216,129.4
186.456,159.847,214.31,180.744,179.216,129.4
186.456,159.847,214.31,180.744,179.216,129.4
186.456,159.847,214.31,180.744,179.216,129.4
186.456,159.847,214.31,180.744,179.216,129.4
186.456,159.847,214.31,180.744,179.216,129.4
186.456,159.847,214.31,180.744,179.216,129.4
186.456,159.847,214.31,180.744,179.216,129.4
186.456,159.847,214.31,180.744,179.216,129.4
186.456,159.847,214.31,180.744,179.216,129.4
186.456,159.847,214.31,180.744,179.216,129.4
186.456,159.847,214.31,180.744,179.216,129.4
186.456,159.847,214.31,180.744,179.216,129.4
186.456,159.847,214.31,180.744,179.216,129.4
186.456,159.847,214.31,180.744,179.216,129.4
186.456,159.847,214.31,180.744,179.216,129.4
186.456,159.847,214.31,180.744,179.216,129.4
186.456,159.847,214.31,180.744,179.216,129.4
186.456,159.847,214.31,180.744,179.216,129.4
