180.664,72.16,274.032,217.976,185.328,133.672
180.664,72.16,274.208,217.976,185.328,133.672
180.664,72.16,274.472,217.712,185.328,133.672
180.576,72.072,274.56,217.712,185.328,133.672
180.576,72.16,274.56,217.624,185.328,133.672
180.576,72.072,274.56,217.624,185.328,133.672
180.664,72.072,274.56,217.712,185.328,133.672
180.664,72.16,274.56,217.624,185.328,133.672
180.576,72.16,274.472,217.624,185.328,133.672
180.664,72.16,274.472,217.624,185.328,133.672
180.576,72.16,274.56,217.712,185.328,133.672
180.664,72.16,274.56,217.624,185.328,133.672
180.664,72.16,274.472,217.624,185.328,133.672
180.664,72.16,274.472,217.712,185.328,133.672
180.664,72.16,274.472,217.624,185.328,133.672
180.576,72.072,274.56,217.624,185.328,133.672
180.664,72.16,274.56,217.624,185.328,133.672
180.576,72.16,274.56,217.712,185.328,133.672
180.664,72.16,274.56,217.624,185.328,133.672
180.664,72.16,274.56,217.624,185.328,133.672
180.664,72.16,274.56,217.624,185.328,133.672
180.664,72.16,274.56,217.624,185.328,133.672
180.664,72.072,274.472,217.712,185.328,133.672
180.664,72.16,274.56,217.624,185.328,133.672
180.664,72.16,274.56,217.624,185.328,133.672
180.664,72.16,274.56,217.624,185.328,133.672
180.664,72.16,274.56,217.624,185.328,133.672
180.664,72.16,274.472,217.624,185.328,133.672
180.664,72.16,274.56,217.624,185.328,133.672
180.576,72.072,274.56,217.624,185.328,133.672
180.664,72.16,274.56,217.624,185.328,133.672
180.664,72.16,274.56,217.624,185.328,133.672
180.576,72.072,274.472,217.624,185.328,133.672
180.664,72.16,274.472,217.624,185.328,133.672
180.664,72.16,274.56,217.624,185.328,133.672
180.576,72.16,274.56,217.624,185.328,133.672
180.664,72.16,274.56,217.624,185.328,133.672
180.664,72.16,274.56,217.712,185.328,133.672
180.664,72.16,274.56,217.624,185.328,133.672
180.664,72.072,274.56,217.712,185.328,133.672
180.664,72.16,274.56,217.712,185.328,133.672
180.664,72.16,274.472,217.624,185.328,133.672
180.664,72.16,274.472,217.624,185.328,133.672
180.664,72.16,274.56,217.624,185.328,133.672
180.664,72.16,274.56,217.712,185.328,133.672
180.576,72.072,274.472,217.624,185.328,133.672
180.664,72.072,274.56,217.624,185.328,133.672
180.664,72.16,274.472,217.624,185.328,133.672
180.664,72.16,274.56,217.624,185.328,133.672
180.664,72.16,274.56,217.624,185.328,133.672
180.664,72.16,274.56,217.624,185.328,133.672
180.664,72.16,274.472,217.624,185.328,133.672
180.664,72.16,274.56,217.624,185.328,133.672
180.664,72.16,274.472,217.624,185.328,133.672
180.664,72.16,274.56,217.624,185.328,133.672
180.664,72.16,274.56,217.624,185.328,133.672
180.664,72.072,274.56,217.624,185.328,133.672
180.576,72.072,274.56,217.624,185.328,133.672
180.664,72.16,274.472,217.624,185.328,133.672
180.664,72.072,274.472,217.624,185.328,133.672
180.664,72.16,274.56,217.624,185.328,133.672
180.664,72.16,274.56,217.624,185.328,133.672
180.664,72.16,274.56,217.712,185.328,133.672
180.664,72.16,274.56,217.624,185.328,133.672
180.664,72.16,274.472,217.624,185.328,133.672
180.664,72.16,274.56,217.624,185.328,133.672
180.576,72.16,274.56,217.624,185.328,133.672
180.664,72.16,274.472,217.712,185.328,133.672
180.664,72.16,274.472,217.712,185.328,133.672
180.664,72.072,274.472,217.888,185.328,133.672
180.664,72.072,274.472,217.888,185.328,133.672
180.664,72.16,274.384,217.976,185.328,133.672
180.664,72.072,274.472,218.064,185.328,133.672
180.664,72.16,274.384,218.152,185.328,133.672
180.664,72.16,274.296,218.504,185.328,133.672
180.664,72.16,274.032,218.944,185.328,133.672
180.664,72.16,273.768,219.56,185.328,133.672
180.664,72.16,273.416,220.44,185.328,133.672
180.664,72.072,272.712,221.496,185.328,133.672
180.664,72.072,272.008,222.728,185.328,133.672
180.664,72.16,271.304,224.224,185.328,133.672
180.664,72.16,270.16,226.072,185.328,133.672
180.664,72.16,269.104,227.744,185.328,133.672
180.664,72.072,267.608,229.856,185.328,133.672
180.664,72.16,265.936,232.232,185.328,133.672
180.664,72.16,264,234.696,185.328,133.672
180.664,72.072,262.064,237.336,185.416,133.672
180.664,72.072,259.776,240.152,185.328,133.672
180.664,72.072,257.576,242.88,185.416,133.672
180.664,72.16,255.288,245.784,185.328,133.672
180.664,72.072,252.736,248.776,185.328,133.672
180.664,72.16,250.272,251.768,185.416,133.672
180.664,72.16,247.72,254.936,185.416,133.672
180.576,72.16,245.08,258.016,185.328,133.672
180.576,72.072,242.528,261.184,185.328,133.672
180.576,72.16,239.888,264.264,185.328,133.672
180.664,72.072,237.424,267.52,185.328,133.672
180.664,72.16,234.784,270.776,185.328,133.672
180.664,72.16,232.408,273.944,185.416,133.672
180.664,72.16,229.944,277.2,185.328,133.672
180.576,72.072,227.656,280.456,185.328,133.672
180.664,72.16,225.28,283.624,185.328,133.672
180.664,72.16,223.08,287.056,185.328,133.672
180.664,72.16,221.056,290.224,185.328,133.672
180.664,72.16,219.12,293.48,185.328,133.672
180.664,72.072,217.36,296.472,185.328,133.672
180.664,72.16,215.6,299.464,185.328,133.672
180.664,72.16,213.664,302.544,185.328,133.672
180.664,72.16,211.992,305.36,185.328,133.672
180.664,72.072,210.32,306.68,185.416,133.672
180.84,72.16,208.824,305.624,185.416,133.672
180.752,72.16,207.328,304.568,185.328,133.672
180.84,72.072,205.92,303.16,185.328,133.672
180.84,72.16,204.776,302.192,185.328,133.672
180.84,72.072,203.456,301.664,185.416,133.672
180.84,72.072,201.96,301.4,185.328,133.672
180.84,72.16,200.728,301.488,185.416,133.672
180.752,72.16,199.408,301.576,185.416,133.672
180.84,72.072,198.264,302.016,185.416,133.672
180.752,72.16,197.208,302.368,185.416,133.672
180.84,72.16,196.064,302.896,185.416,133.672
180.752,72.16,194.92,303.6,185.416,133.672
180.752,72.072,193.776,304.392,185.416,133.672
180.752,72.16,192.72,305.272,185.328,133.672
180.752,72.16,191.84,305.712,185.328,133.672
180.752,72.16,191.136,305.8,185.416,133.672
180.664,72.072,190.52,305.448,185.328,133.672
180.576,72.072,189.904,305.272,185.328,133.672
180.664,72.072,189.112,305.272,185.328,133.672
180.664,72.072,188.32,305.272,185.416,133.672
180.664,72.072,187.616,305.448,185.416,133.672
180.664,72.16,187.264,305.36,185.328,133.672
180.576,72.16,186.912,305.448,185.328,133.672
180.664,72.072,186.648,305.448,185.328,133.672
180.664,72.16,186.384,305.448,185.328,133.672
180.664,72.072,186.032,305.36,185.328,133.672
180.664,72.072,185.68,305.448,185.328,133.672
180.664,72.16,185.504,305.448,185.416,133.672
180.664,72.072,185.504,305.448,185.328,133.672
180.664,72.16,185.416,305.448,185.328,133.672
180.664,72.16,185.416,305.448,185.328,133.672
180.664,72.072,185.416,305.448,185.328,133.672
180.664,72.16,185.504,305.448,185.416,133.672
180.664,72.072,185.68,305.448,185.416,133.672
180.752,72.16,185.856,305.448,185.328,133.672
180.752,72.072,186.12,305.36,185.416,133.672
180.664,72.072,186.296,305.448,185.328,133.672
180.576,72.16,186.472,305.448,185.328,133.672
180.576,72.072,186.736,305.448,185.328,133.672
180.576,72.072,187.088,305.36,185.328,133.672
180.576,72.16,187.352,305.36,185.328,133.672
180.664,72.16,187.88,305.36,185.328,133.672
180.576,72.072,188.408,305.36,185.328,133.672
180.664,72.16,189.024,305.36,185.328,133.672
180.752,72.072,189.2,305.272,185.328,133.672
180.84,72.16,189.464,305.184,185.416,133.672
180.928,72.16,189.552,304.92,185.416,133.672
180.928,72.16,189.552,304.392,185.328,133.672
180.84,72.16,189.552,303.6,185.328,133.672
180.928,72.336,189.376,302.544,185.328,133.672
180.928,72.424,189.2,301.224,185.328,133.672
180.928,72.776,189.024,299.464,185.416,133.672
180.84,73.128,188.584,297.616,185.416,133.672
180.928,73.568,188.056,295.416,185.328,133.672
180.928,74.008,187.352,293.216,185.416,133.672
180.928,74.712,186.648,290.928,185.416,133.672
180.928,75.416,185.768,288.376,185.416,133.672
181.104,76.296,184.8,285.648,185.328,133.672
181.104,77.44,183.744,282.568,185.328,133.672
181.192,78.496,182.424,279.488,185.328,133.672
181.28,79.816,181.016,276.672,185.328,133.672
181.456,81.312,179.432,273.504,185.328,133.672
181.72,82.808,177.848,270.248,185.328,133.672
181.896,84.568,175.912,266.816,185.416,133.672
182.336,86.328,174.064,263.384,185.416,133.672
182.6,88.176,171.952,259.952,185.416,133.672
182.952,90.024,169.752,256.432,185.328,133.672
183.128,92.224,167.376,253,185.328,133.672
183.392,94.424,164.912,249.656,185.328,133.672
183.744,96.624,162.36,246.664,185.328,133.672
184.096,98.912,159.72,243.76,185.328,133.672
184.36,101.288,157.256,241.12,185.328,133.672
184.712,103.664,154.264,238.656,185.416,133.672
185.064,106.04,151.448,236.544,185.416,133.672
185.504,108.504,148.544,234.872,185.416,133.672
186.12,110.88,145.728,233.376,185.328,133.672
186.648,113.344,142.736,232.232,185.328,133.672
187.176,115.984,139.568,231.264,185.416,133.672
187.616,118.184,136.84,230.56,185.416,133.672
188.056,120.648,133.936,230.032,185.416,133.672
188.584,122.848,131.208,229.592,185.416,133.672
189.288,125.048,128.832,229.416,185.416,133.672
190.08,127.16,126.28,229.416,185.416,133.672
191.048,129.184,123.992,229.592,185.416,133.672
192.016,131.12,121.792,229.768,185.416,133.672
192.984,133.056,119.68,229.944,185.416,133.672
194.128,134.728,117.832,230.12,185.416,133.672
195.448,136.312,116.336,230.296,185.328,133.672
196.944,137.808,114.752,230.56,185.416,133.672
198.792,139.128,113.344,230.736,185.416,133.672
200.728,140.184,112.2,230.824,185.416,133.672
202.84,141.24,111.144,230.912,185.416,133.672
204.952,142.032,110.352,230.912,185.416,133.672
207.328,142.648,109.648,231,185.416,133.672
209.616,143.088,109.208,231.264,185.416,133.672
211.816,143.352,109.032,231.44,185.328,133.672
214.104,143.44,108.944,231.528,185.328,133.672
216.48,143.264,108.944,231.528,185.416,133.672
219.032,143.176,109.032,231.528,185.416,133.672
221.408,142.912,109.032,231.616,185.416,133.672
223.608,142.648,109.12,231.968,185.328,133.672
225.72,142.296,109.208,232.144,185.416,133.672
227.656,141.768,109.296,232.32,185.416,133.672
229.592,141.152,109.384,232.496,185.328,133.672
231.352,140.536,109.56,232.496,185.328,133.672
233.024,139.744,109.736,232.584,185.416,133.672
234.872,139.04,110.088,232.496,185.416,133.672
236.368,138.248,110.352,232.496,185.416,133.672
237.6,137.544,110.616,232.496,185.416,133.672
239.008,136.752,111.056,232.496,185.416,133.672
240.328,135.872,111.408,232.496,185.416,133.672
241.296,134.904,112.024,232.496,185.416,133.672
242.352,133.936,112.64,232.584,185.416,133.672
243.408,132.792,113.432,232.584,185.416,133.672
244.288,131.736,114.136,232.672,185.416,133.672
245.08,130.504,115.016,232.76,185.416,133.672
245.784,129.184,115.984,232.848,185.416,133.672
246.4,127.6,117.04,232.76,185.416,133.672
246.928,126.368,118.272,232.672,185.416,133.672
247.544,124.696,119.592,232.496,185.416,133.672
248.16,123.112,121.176,232.408,185.416,133.672
248.688,121.264,122.76,232.32,185.416,133.672
249.128,119.592,124.432,232.056,185.416,133.672
249.656,117.744,126.28,231.88,185.416,133.672
250.008,115.72,128.48,231.616,185.416,133.672
250.272,113.784,130.504,231.352,185.416,133.672
250.624,111.76,132.792,230.912,185.416,133.672
250.976,109.824,135.256,230.472,185.416,133.672
251.328,107.624,137.896,229.856,185.416,133.672
251.592,105.6,140.536,229.24,185.416,133.672
251.856,103.664,143.352,228.536,185.416,133.672
252.12,101.64,146.256,227.656,185.416,133.672
252.384,99.528,149.072,226.864,185.416,133.672
252.648,97.592,151.976,225.896,185.416,133.672
252.912,95.656,154.616,224.84,185.416,133.672
253.176,93.984,157.432,223.696,185.416,133.672
253.44,92.488,159.808,222.552,185.416,133.672
253.704,90.992,162.008,221.32,185.416,133.672
253.88,89.584,164.296,219.824,185.416,133.672
254.056,88.528,166.32,218.416,185.416,133.672
254.32,87.56,167.992,216.92,185.416,133.672
254.408,86.856,169.576,215.336,185.416,133.672
254.496,86.152,170.984,213.928,185.416,133.672
254.672,85.536,172.392,212.696,185.416,133.672
254.672,85.008,173.712,211.376,185.416,133.672
254.848,84.568,174.768,210.232,185.416,133.672
254.936,84.04,175.824,209.176,185.416,133.672
254.936,83.776,176.616,208.208,185.416,133.672
255.024,83.6,177.496,207.416,185.416,133.672
254.936,83.512,178.024,206.8,185.416,133.672
254.936,83.512,178.464,206.184,185.416,133.672
254.76,83.6,178.728,205.832,185.416,133.672
254.496,83.776,178.992,205.568,185.416,133.672
254.408,83.952,179.08,205.568,185.416,133.672
254.232,84.304,179.168,205.568,185.416,133.672
253.88,84.656,179.08,205.568,185.416,133.672
253.616,85.184,178.992,205.744,185.416,133.672
253.176,85.8,178.904,205.832,185.416,133.672
252.824,86.504,178.64,205.92,185.416,133.672
252.472,87.296,178.288,206.096,185.416,133.672
252.032,88.264,177.936,206.36,185.416,133.672
251.592,89.32,177.32,206.712,185.416,133.672
251.152,90.464,176.792,207.064,185.416,133.672
250.624,91.784,176.176,207.68,185.416,133.672
250.008,92.928,175.472,208.296,185.416,133.672
249.392,94.424,174.592,209.176,185.416,133.672
248.776,95.92,173.8,209.968,185.416,133.672
248.248,97.504,172.92,210.936,185.416,133.672
247.544,99.176,171.952,211.992,185.416,133.672
246.752,100.936,170.896,213.136,185.416,133.672
245.872,102.608,169.928,214.28,185.416,133.672
244.728,104.368,168.872,215.688,185.416,133.672
243.584,106.128,167.728,217.184,185.416,133.672
242.44,107.888,166.672,218.592,185.416,133.672
241.12,109.736,165.44,220.264,185.416,133.672
239.624,111.584,164.208,222.112,185.416,133.672
237.952,113.256,163.064,223.96,185.416,133.672
236.544,114.752,162.184,225.544,185.416,133.672
234.696,116.424,161.128,227.48,185.416,133.672
232.584,118.008,160.072,229.592,185.416,133.672
230.472,119.504,159.016,231.792,185.328,133.672
228.184,120.824,158.136,234.168,185.416,133.672
225.72,122.056,157.344,236.544,185.416,133.672
223.256,123.112,156.552,239.096,185.416,133.672
220.616,124.168,155.936,241.736,185.416,133.672
217.8,125.136,155.32,244.552,185.416,133.672
214.72,125.84,154.968,247.28,185.328,133.672
211.728,126.456,154.704,250.008,185.328,133.672
208.472,126.808,154.704,252.736,185.328,133.672
204.952,126.984,154.792,255.728,185.328,133.672
201.344,127.072,155.232,258.632,185.416,133.672
197.472,126.984,155.584,261.624,185.416,133.672
193.424,126.808,156.024,264.528,185.328,133.672
189.2,126.72,156.464,267.608,185.328,133.672
184.8,126.456,156.992,270.6,185.416,133.672
180.488,126.104,157.52,273.328,185.416,133.672
176.528,125.84,158.048,276.056,185.416,133.672
172.656,125.664,158.576,278.608,185.416,133.672
168.96,125.312,159.104,280.72,185.328,133.672
166.144,125.048,159.72,282.216,185.416,133.672
163.504,124.696,160.248,282.92,185.328,133.672
161.216,124.08,160.512,283.096,185.328,133.672
158.928,123.464,160.952,282.92,185.328,133.672
157.256,122.848,161.48,282.656,185.416,133.672
155.672,122.144,162.096,282.04,185.416,133.672
154.352,121.616,162.624,281.512,185.416,133.672
153.296,121.176,163.152,280.984,185.416,133.672
152.328,120.736,163.768,280.456,185.328,133.672
151.448,120.296,164.384,279.664,185.328,133.672
150.656,119.856,165.088,278.96,185.328,133.672
150.04,119.416,165.792,278.432,185.416,133.672
149.688,118.976,166.672,277.728,185.416,133.672
149.688,118.536,167.64,277.024,185.416,133.672
149.776,117.92,168.872,276.056,185.416,133.672
149.776,117.392,169.84,275.176,185.328,133.672
149.6,116.688,170.984,274.032,185.328,133.672
149.336,115.896,172.304,272.888,185.416,133.672
148.984,115.192,173.712,271.304,185.416,133.672
148.456,114.312,175.208,269.544,185.328,133.672
147.84,113.608,176.616,267.608,185.328,133.672
147.048,112.904,178.2,265.672,185.328,133.672
146.168,112.288,179.608,263.648,185.328,133.672
145.464,111.76,180.928,261.272,185.416,133.672
144.584,111.144,182.336,258.808,185.328,133.672
143.792,110.616,183.568,256.256,185.416,133.672
142.912,110.176,184.448,253.616,185.416,133.672
142.032,109.736,185.328,250.976,185.328,133.672
140.976,109.208,186.032,248.072,185.328,133.672
139.92,108.768,186.648,245.08,185.328,133.672
138.6,108.328,187.264,242.176,185.328,133.672
137.192,107.976,187.792,239.448,185.328,133.672
135.696,107.712,188.32,236.544,185.416,133.672
134.288,107.536,188.936,233.816,185.416,133.672
132.968,107.272,189.376,231.352,185.416,133.672
131.736,107.096,189.904,228.624,185.416,133.672
130.504,106.832,190.256,226.512,185.416,133.672
129.448,106.656,190.52,224.488,185.416,133.672
128.216,106.392,190.96,222.728,185.416,133.672
126.984,106.128,191.312,220.968,185.416,133.672
125.928,105.776,191.928,219.56,185.416,133.672
124.784,105.512,192.456,218.328,185.328,133.672
123.464,105.336,193.16,217.36,185.328,133.672
122.408,105.072,193.776,216.656,185.416,133.672
121,104.72,194.48,216.304,185.416,133.672
119.68,104.368,195.096,216.304,185.416,133.672
118.272,104.016,195.8,216.392,185.416,133.672
117.04,103.576,196.68,216.568,185.328,133.672
115.808,103.048,197.384,217.008,185.416,133.672
114.488,102.608,198.264,217.536,185.328,133.672
113.168,101.992,199.056,218.152,185.416,133.672
111.76,101.288,199.848,218.944,185.328,133.672
110.264,100.584,200.552,219.736,185.416,133.672
108.68,99.792,201.432,220.792,185.416,133.672
107.272,98.912,202.312,221.76,185.416,133.672
105.688,97.944,203.28,222.904,185.416,133.672
104.192,96.8,204.16,224.136,185.416,133.672
102.872,95.744,205.04,225.28,185.416,133.672
101.728,94.864,205.744,226.248,185.416,133.672
100.408,93.984,206.536,227.216,185.24,133.672
99.176,93.104,207.328,228.008,185.152,133.672
97.944,92.4,207.944,228.888,185.064,133.672
96.888,91.784,208.472,229.592,184.976,133.672
95.92,91.08,209.088,230.12,184.888,133.672
95.04,90.552,209.88,230.208,184.888,133.672
94.16,89.936,210.672,230.12,184.8,133.672
93.28,89.408,211.64,230.032,184.8,133.672
92.576,88.88,212.52,229.768,184.8,133.672
91.872,88.264,213.224,229.504,184.8,133.672
91.256,87.648,213.928,229.24,184.8,133.672
90.64,87.208,214.544,228.976,184.712,133.672
90.112,86.504,215.072,228.536,184.712,133.672
89.496,85.976,215.688,228.272,184.712,133.672
88.968,85.36,216.216,227.832,184.712,133.672
88.44,84.832,216.656,227.568,184.712,133.672
87.912,84.304,217.096,227.304,184.712,133.672
87.472,83.776,217.448,226.952,184.712,133.672
87.032,83.248,217.8,226.688,184.712,133.672
86.592,82.808,218.24,226.424,184.712,133.672
86.152,82.192,218.68,226.16,184.712,133.672
85.888,81.752,219.12,225.984,184.712,133.672
85.536,81.224,219.56,225.896,184.712,133.672
85.36,80.696,220.088,225.808,184.712,133.672
85.096,80.344,220.528,225.72,184.624,133.672
84.92,79.904,221.056,225.544,184.624,133.672
84.656,79.552,221.496,225.456,184.624,133.672
84.48,79.2,222.024,225.368,184.624,133.672
84.392,78.936,222.464,225.28,184.624,133.672
84.216,78.584,222.904,225.28,184.536,133.672
84.128,78.32,223.344,225.28,184.536,133.672
84.128,78.056,223.696,225.28,184.448,133.672
84.128,77.792,224.048,225.192,184.448,133.672
84.128,77.528,224.4,225.192,184.448,133.672
84.128,77.352,224.752,225.192,184.36,133.672
84.128,77.176,225.104,225.104,184.272,133.672
84.128,77,225.368,225.104,184.272,133.672
84.128,76.824,225.72,225.016,184.184,133.672
84.128,76.648,225.896,225.016,184.184,133.672
84.128,76.648,226.248,224.928,184.184,133.672
84.128,76.736,226.424,224.84,184.184,133.672
84.128,76.736,226.688,224.752,184.184,133.672
84.128,76.824,226.776,224.664,184.184,133.672
84.128,76.912,226.952,224.488,184.184,133.672
84.128,77.176,226.864,224.312,184.184,133.672
84.128,77.44,226.864,224.048,184.184,133.672
84.128,77.792,226.776,223.696,184.184,133.672
84.128,78.408,226.6,223.256,184.096,133.672
84.128,79.2,226.248,222.64,184.096,133.672
84.216,80.256,225.896,221.76,184.096,133.672
84.304,81.664,225.368,220.616,184.096,133.672
84.392,83.424,224.664,219.12,184.096,133.672
84.48,85.184,223.872,217.536,184.184,133.672
84.656,87.12,222.816,215.512,184.096,133.672
84.92,89.056,221.672,213.312,184.184,133.672
85.096,91.168,220.264,211.112,184.184,133.672
85.36,93.192,218.68,208.736,184.184,133.672
85.712,95.48,216.832,206.096,184.184,133.672
85.976,97.768,214.896,203.368,184.184,133.672
86.328,99.968,212.872,200.728,184.184,133.672
86.68,102.344,210.584,197.648,184.184,133.672
87.032,104.368,208.384,194.744,184.272,133.672
87.208,106.392,206.096,191.576,184.272,133.672
87.56,108.504,203.808,188.408,184.272,133.672
87.736,110.352,201.696,185.328,184.272,133.672
88,112.288,199.584,182.16,184.272,133.672
88.264,114.136,197.472,179.08,184.272,133.672
88.44,115.984,195.36,176.264,184.272,133.672
88.616,117.832,193.248,173.448,184.272,133.672
88.792,119.592,191.312,170.368,184.272,133.672
88.968,121.176,189.288,167.552,184.272,133.672
89.144,122.584,187.352,164.912,184.272,133.672
89.232,123.904,185.592,162.448,184.272,133.672
89.408,125.136,184.008,159.808,184.36,133.672
89.408,126.104,182.512,157.344,184.36,133.672
89.496,127.072,181.192,155.056,184.36,133.672
89.584,127.864,179.872,152.68,184.36,133.672
89.672,128.656,178.904,150.48,184.36,133.672
89.584,129.272,178.024,148.28,184.448,133.672
89.584,129.8,177.232,146.256,184.448,133.672
89.584,130.328,176.792,144.32,184.448,133.672
89.584,130.768,176.616,142.384,184.448,133.672
89.584,131.12,176.528,140.448,184.448,133.672
89.584,131.208,176.616,138.6,184.448,133.672
89.584,131.296,176.968,136.84,184.448,133.672
89.672,131.12,177.584,134.904,184.448,133.672
89.584,130.944,178.2,133.32,184.448,133.672
89.584,130.592,178.992,131.912,184.448,133.672
89.584,130.152,179.872,130.504,184.448,133.672
89.672,129.624,181.016,129.272,184.448,133.672
89.672,129.008,182.16,128.48,184.448,133.672
89.584,128.128,183.568,127.864,184.448,133.672
89.584,127.16,184.8,127.688,184.448,133.672
89.584,126.368,186.12,127.688,184.448,133.672
89.584,125.224,187.792,127.952,184.448,133.672
89.496,124.168,189.2,128.128,184.448,133.672
89.496,123.112,190.784,128.568,184.448,133.672
89.496,121.968,192.28,129.008,184.448,133.672
89.496,120.736,193.776,129.624,184.448,133.672
89.496,119.504,195.36,130.328,184.448,133.672
89.496,118.184,196.944,131.12,184.448,133.672
89.496,116.864,198.616,132,184.448,133.672
89.496,115.368,200.376,133.056,184.448,133.672
89.496,113.872,202.224,134.024,184.448,133.672
89.496,112.2,204.072,134.904,184.448,133.672
89.584,110.528,205.832,135.872,184.448,133.672
89.584,108.768,207.592,136.752,184.448,133.672
89.584,106.92,209.264,137.72,184.448,133.672
89.584,104.896,211.112,138.6,184.448,133.672
89.584,102.872,213.048,139.392,184.448,133.672
89.672,100.76,214.808,140.184,184.448,133.672
89.672,98.472,216.48,140.8,184.448,133.672
89.76,96.272,217.976,141.504,184.448,133.672
89.76,93.808,219.384,141.944,184.448,133.672
89.848,91.432,220.704,142.384,184.448,133.672
89.848,89.144,221.936,142.648,184.448,133.672
89.76,86.592,223.168,142.824,184.448,133.672
89.672,84.216,224.136,143.088,184.448,133.672
89.496,81.928,224.928,143.352,184.448,133.672
89.32,80.08,225.544,143.704,184.448,133.672
89.056,78.144,226.072,143.968,184.448,133.672
88.792,76.12,226.6,144.056,184.448,133.672
88.352,74.624,227.128,144.232,184.448,133.672
87.824,73.04,227.656,144.232,184.448,133.672
87.296,71.544,228.096,144.056,184.448,133.672
87.032,69.784,228.536,144.056,184.448,133.672
86.592,68.288,229.064,144.144,184.448,133.672
86.152,66.968,229.68,144.408,184.448,133.672
85.712,65.736,230.296,144.496,184.448,133.672
85.184,65.384,230.736,143.88,184.448,133.672
84.656,65.736,230.736,143.528,184.36,133.672
84.48,66,230.912,143.528,184.536,133.672
84.304,66.352,231.088,143.44,184.536,133.672
84.216,66.88,231.176,143.528,184.536,133.672
83.952,67.232,231.176,143.968,184.536,133.672
83.864,67.672,231.088,144.32,184.536,133.672
83.688,68.288,230.736,144.848,184.536,133.672
83.424,68.816,230.384,145.376,184.536,133.672
83.16,69.432,229.768,145.992,184.536,133.672
82.984,70.136,228.976,146.784,184.536,133.672
82.808,71.104,228.096,147.664,184.536,133.672
82.896,72.16,227.04,148.72,184.536,133.672
82.896,73.216,225.72,149.776,184.536,133.672
82.808,74.272,224.4,150.744,184.536,133.672
82.808,75.68,222.728,151.888,184.536,133.672
82.808,77,221.056,152.944,184.536,133.672
82.808,78.584,219.12,153.912,184.624,133.672
82.808,80.168,217.184,155.056,184.624,133.672
82.896,82.016,215.248,156.288,184.624,133.672
82.984,83.688,213.048,157.256,184.624,133.672
82.984,85.624,210.76,158.312,184.624,133.672
83.16,87.472,208.472,159.368,184.624,133.672
83.336,89.584,206.184,160.688,184.624,133.672
83.6,91.696,203.896,161.92,184.624,133.672
84.04,93.808,201.52,163.152,184.712,133.672
84.568,95.92,199.144,164.472,184.624,133.672
85.36,98.032,196.768,165.792,184.624,133.672
86.416,100.232,194.656,167.2,184.624,133.672
87.384,101.992,192.632,168.52,184.624,133.672
88.88,103.84,190.608,170.104,184.624,133.672
90.464,105.424,188.848,171.688,184.712,133.672
92.224,107.096,187,173.536,184.712,133.672
94.248,108.504,185.24,175.648,184.712,133.672
96.096,109.736,183.832,177.848,184.712,133.672
98.12,110.528,182.424,180.312,184.712,133.672
100.32,111.32,181.104,182.952,184.712,133.672
102.52,111.936,179.96,185.944,184.712,133.672
105.072,112.464,178.816,189.464,184.712,133.672
107.36,112.728,177.76,192.72,184.712,133.672
109.912,112.992,176.616,196.24,184.712,133.672
112.376,113.168,175.56,199.76,184.712,133.672
114.488,113.344,174.68,203.016,184.712,133.672
116.952,113.52,173.8,206.448,184.624,133.672
119.504,113.696,172.92,209.88,184.712,133.672
122.232,113.872,172.04,213.224,184.712,133.672
124.872,114.136,171.072,216.392,184.712,133.672
127.6,114.4,170.28,219.296,184.712,133.672
130.592,114.488,169.576,222.024,184.712,133.672
133.672,114.488,169.136,224.488,184.712,133.672
136.84,114.488,168.608,226.6,184.712,133.672
140.272,114.488,167.992,228.36,184.712,133.672
143.792,114.576,167.376,229.856,184.712,133.672
146.52,114.664,166.936,230.736,184.712,133.672
149.6,114.576,166.408,231.264,184.712,133.672
152.68,114.576,165.88,231.352,184.712,133.672
155.584,114.576,165.44,231.176,184.712,133.672
158.488,114.576,164.912,230.824,184.712,133.672
161.568,114.664,164.472,230.296,184.712,133.672
164.56,114.576,164.032,229.592,184.712,133.672
167.288,114.576,163.592,228.888,184.712,133.672
169.84,114.4,163.328,228.008,184.624,133.672
172.216,114.4,162.8,227.04,184.712,133.672
174.328,114.4,162.272,225.896,184.712,133.672
176.528,114.4,161.744,224.752,184.712,133.672
178.552,114.312,161.392,223.696,184.712,133.672
180.84,114.224,161.04,222.816,184.712,133.672
182.952,114.048,160.688,221.848,184.712,133.672
184.8,113.872,160.336,221.144,184.712,133.672
186.384,113.52,160.072,220.616,184.712,133.672
188.144,113.344,159.896,220.352,184.712,133.672
189.552,112.992,159.632,220.264,184.712,133.672
190.872,112.64,159.632,220.352,184.712,133.672
192.104,112.288,159.632,220.352,184.712,133.672
192.984,111.848,159.808,220.44,184.712,133.672
193.776,111.32,159.984,220.528,184.712,133.672
194.216,110.704,160.336,220.616,184.712,133.672
194.568,110.176,160.688,220.704,184.712,133.672
194.92,109.648,161.216,220.792,184.712,133.672
195.184,109.032,161.832,220.792,184.712,133.672
195.36,108.416,162.448,220.792,184.712,133.672
195.448,107.8,163.24,220.704,184.712,133.672
195.536,107.184,163.944,220.616,184.712,133.672
195.712,106.48,164.736,220.616,184.712,133.672
195.976,105.776,165.528,220.616,184.712,133.672
196.152,105.072,166.584,220.528,184.712,133.672
196.504,104.368,167.552,220.616,184.712,133.672
196.768,103.664,168.52,220.528,184.712,133.672
197.12,102.784,169.576,220.528,184.712,133.672
197.384,101.904,170.72,220.528,184.712,133.672
197.736,101.112,172.04,220.528,184.712,133.672
198,100.232,173.184,220.528,184.712,133.672
198.176,99.352,174.504,220.528,184.712,133.672
198.44,98.384,175.736,220.528,184.712,133.672
198.616,97.504,177.056,220.528,184.712,133.672
198.704,96.624,178.376,220.528,184.712,133.672
198.792,95.744,179.696,220.44,184.712,133.672
198.88,94.864,181.016,220.528,184.712,133.672
198.88,93.896,182.248,220.528,184.712,133.672
198.88,93.104,183.568,220.44,184.712,133.672
198.88,92.312,184.888,220.44,184.712,133.672
198.792,91.432,186.12,220.528,184.712,133.672
198.704,90.728,187.352,220.44,184.712,133.672
198.528,89.936,188.76,220.44,184.712,133.672
198.352,89.144,189.992,220.44,184.712,133.672
198.088,88.352,191.224,220.44,184.712,133.672
197.824,87.648,192.456,220.352,184.712,133.672
197.56,86.944,193.776,220.352,184.712,133.672
197.208,86.328,194.92,220.264,184.712,133.672
196.68,86.064,195.624,220.44,184.712,133.672
196.152,85.712,196.504,220.176,184.712,133.672
195.624,85.536,197.12,220.088,184.712,133.672
195.184,85.36,197.648,219.824,184.712,133.672
194.92,85.272,198.264,219.648,184.712,133.672
194.92,85.272,198.704,219.56,184.624,133.672
195.008,85.272,199.144,219.384,184.624,133.672
195.008,85.272,199.408,219.384,184.624,133.672
195.008,85.272,199.584,219.296,184.624,133.672
195.008,85.272,199.848,219.296,184.624,133.672
195.008,85.272,199.936,219.296,184.624,133.672
194.92,85.272,200.024,219.296,184.624,133.672
194.92,85.272,200.112,219.384,184.624,133.672
194.92,85.272,200.112,219.384,184.624,133.672
194.92,85.272,200.2,219.472,184.624,133.672
194.92,85.272,200.112,219.56,184.624,133.672
194.832,85.272,200.112,219.736,184.624,133.672
194.832,85.36,200.112,219.912,184.624,133.672
194.832,85.272,200.024,220.088,184.624,133.672
194.832,85.36,199.936,220.352,184.624,133.672
194.832,85.272,199.936,220.704,184.624,133.672
194.832,85.36,199.848,220.968,184.624,133.672
194.92,85.448,199.76,221.232,184.624,133.672
194.92,85.448,199.672,221.408,184.624,133.672
195.008,85.712,199.408,221.496,184.624,133.672
195.184,85.976,199.056,221.584,184.624,133.672
195.272,86.328,198.704,221.584,184.624,133.672
195.36,86.944,198.352,221.584,184.624,133.672
195.36,87.384,197.824,221.672,184.624,133.672
195.36,88.088,197.208,221.584,184.624,133.672
195.184,88.88,196.592,221.672,184.624,133.672
194.92,89.76,195.8,221.672,184.624,133.672
194.656,90.728,194.92,221.584,184.712,133.672
194.392,91.696,194.128,221.584,184.712,133.672
193.952,92.576,193.248,221.584,184.624,133.672
193.424,93.192,192.456,221.672,184.624,133.672
192.72,93.808,191.84,221.584,184.624,133.672
192.104,94.336,191.4,221.672,184.712,133.672
191.488,94.688,190.96,221.76,184.712,133.672
190.96,94.952,190.696,221.672,184.712,133.672
190.432,95.128,190.52,221.76,184.712,133.672
189.904,95.128,190.432,221.76,184.712,133.672
189.464,95.128,190.52,221.848,184.712,133.672
189.024,94.952,190.696,222.024,184.712,133.672
188.584,94.776,190.872,222.112,184.712,133.672
188.144,94.512,191.136,222.112,184.712,133.672
187.88,94.248,191.4,222.2,184.712,133.672
187.616,93.896,191.752,222.2,184.712,133.672
187.44,93.544,192.104,222.2,184.712,133.672
187.264,93.104,192.456,222.2,184.712,133.672
187.264,92.752,192.896,222.2,184.712,133.672
187.176,92.312,193.336,222.2,184.712,133.672
187.088,91.784,193.864,222.288,184.712,133.672
187,91.256,194.392,222.2,184.712,133.672
186.824,90.816,194.92,222.288,184.712,133.672
186.736,90.2,195.536,222.376,184.712,133.672
186.56,89.584,196.152,222.464,184.712,133.672
186.472,88.968,196.856,222.552,184.712,133.672
186.384,88.352,197.472,222.728,184.712,133.672
186.296,87.736,198.176,222.904,184.712,133.672
186.208,87.12,198.968,223.08,184.712,133.672
186.12,86.328,199.76,223.256,184.712,133.672
186.12,85.624,200.552,223.344,184.712,133.672
185.944,84.92,201.344,223.608,184.712,133.672
185.504,84.216,202.136,223.784,184.712,133.672
185.064,83.6,202.928,223.696,184.712,133.672
184.8,82.984,203.72,223.696,184.712,133.672
184.36,82.456,204.512,223.784,184.712,133.672
184.096,81.928,205.392,223.784,184.712,133.672
183.832,81.224,206.184,223.696,184.712,133.672
183.656,80.696,207.064,223.696,184.712,133.672
183.392,80.168,207.856,223.696,184.712,133.672
183.128,79.64,208.648,223.696,184.712,133.672
182.952,79.024,209.528,223.696,184.712,133.672
182.688,78.408,210.32,223.608,184.712,133.672
182.336,77.792,211.288,223.608,184.712,133.672
182.072,77.352,212.08,223.52,184.712,133.672
181.808,76.736,212.96,223.432,184.624,133.672
181.456,76.12,213.928,223.256,184.624,133.672
181.192,75.504,214.72,223.08,184.624,133.672
180.84,74.976,215.688,222.816,184.624,133.672
180.752,74.36,216.568,222.552,184.712,133.672
180.84,73.656,217.536,222.2,184.624,133.672
180.84,72.864,218.416,221.936,184.624,133.672
180.84,72.16,219.384,221.584,184.624,133.672
180.752,71.896,220,221.672,184.712,133.672
180.752,71.984,220.528,221.056,184.712,133.672
180.664,72.072,220.704,220.704,184.624,133.672
180.664,72.16,220.968,220.352,184.624,133.672
180.664,72.16,221.232,220,184.712,133.672
180.664,72.16,221.584,219.472,184.712,133.672
180.664,72.16,222.2,218.944,184.624,133.672
180.664,72.072,222.728,218.416,184.624,133.672
180.664,72.16,223.344,218.064,184.712,133.672
180.664,72.072,224.048,217.8,184.712,133.672
180.664,72.16,224.752,217.36,184.712,133.672
180.664,72.072,225.456,217.184,184.712,133.672
180.664,72.16,226.424,216.656,184.712,133.672
180.664,72.16,227.392,216.216,184.712,133.672
180.664,72.16,228.36,215.776,184.712,133.672
180.664,72.072,229.416,215.512,184.712,133.672
180.664,72.072,230.56,215.16,184.712,133.672
180.664,72.072,231.792,214.808,184.712,133.672
180.664,72.072,232.936,214.456,184.712,133.672
180.664,72.16,234.08,214.016,184.712,133.672
180.664,72.072,235.136,213.752,184.712,133.672
180.664,72.16,236.28,213.312,184.712,133.672
180.664,72.072,237.424,212.96,184.712,133.672
180.664,72.072,238.48,212.608,184.712,133.672
180.664,72.16,239.448,212.08,184.712,133.672
180.664,72.072,240.504,211.64,184.712,133.672
180.664,72.072,241.56,211.2,184.712,133.672
180.664,72.072,242.528,210.672,184.712,133.672
180.664,72.072,243.408,210.144,184.712,133.672
180.664,72.072,244.288,209.704,184.712,133.672
180.664,72.072,245.168,209.176,184.712,133.672
180.664,72.072,246.048,208.736,184.712,133.672
180.664,72.072,246.928,208.208,184.712,133.672
180.664,72.072,247.896,207.68,184.712,133.672
180.664,72.16,248.688,207.24,184.712,133.672
180.664,72.072,249.48,206.8,184.712,133.672
180.664,72.072,250.36,206.36,184.712,133.672
180.664,72.072,251.064,205.832,184.712,133.672
180.664,72.16,251.856,205.392,184.712,133.672
180.664,72.072,252.648,204.864,184.712,133.672
180.664,72.072,253.44,204.424,184.712,133.672
180.664,72.16,254.144,203.984,184.712,133.672
180.664,72.072,254.936,203.544,184.712,133.672
180.664,72.072,255.552,203.104,184.712,133.672
180.664,72.072,256.256,202.664,184.712,133.672
180.664,72.072,256.872,202.224,184.712,133.672
180.664,72.072,257.576,201.784,184.712,133.672
180.664,72.072,258.192,201.432,184.712,133.672
180.664,72.16,258.808,201.08,184.712,133.672
180.664,72.16,259.336,200.728,184.712,133.672
180.664,72.072,259.952,200.376,184.712,133.672
180.664,72.16,260.48,200.024,184.712,133.672
180.664,72.072,261.008,199.584,184.712,133.672
180.664,72.072,261.536,199.32,184.712,133.672
180.664,72.072,261.976,198.968,184.712,133.672
180.664,72.072,262.416,198.704,184.712,133.672
180.664,72.072,262.768,198.44,184.712,133.672
180.664,72.072,263.208,198.176,184.712,133.672
180.664,72.072,263.648,197.912,184.712,133.672
180.664,72.16,264.088,197.648,184.712,133.672
180.664,72.072,264.528,197.472,184.712,133.672
180.664,72.072,264.968,197.208,184.712,133.672
180.664,72.072,265.32,197.032,184.712,133.672
180.664,72.072,265.848,196.856,184.712,133.672
180.664,72.072,266.2,196.768,184.712,133.672
180.664,72.072,266.64,196.768,184.712,133.672
180.664,72.072,267.08,196.768,184.712,133.672
180.664,72.072,267.52,196.768,184.712,133.672
180.664,72.072,267.872,196.768,184.712,133.672
180.664,72.16,268.4,196.768,184.712,133.672
180.664,72.16,268.84,196.768,184.712,133.672
180.664,72.16,269.368,196.768,184.712,133.672
180.664,72.072,269.808,196.768,184.712,133.672
180.664,72.072,270.248,196.768,184.712,133.672
180.664,72.072,270.688,196.768,184.712,133.672
180.664,72.072,271.128,196.768,184.712,133.672
180.664,72.072,271.568,196.68,184.712,133.672
180.664,72.16,271.832,196.592,184.712,133.672
180.664,72.16,272.272,196.592,184.712,133.672
180.664,72.072,272.624,196.504,184.712,133.672
180.664,72.072,272.976,196.504,184.712,133.672
180.664,72.072,273.416,196.504,184.712,133.672
180.664,72.16,273.768,196.504,184.712,133.672
180.664,72.072,274.208,196.504,184.712,133.672
180.664,72.072,274.56,196.504,184.712,133.672
180.664,72.072,275,196.68,184.712,133.672
180.664,72.16,275,197.208,184.712,133.672
180.664,72.072,275.088,197.12,184.712,133.672
180.664,72.072,275,197.384,184.712,133.672
180.664,72.072,275,197.648,184.712,133.672
180.664,72.072,274.912,198.176,184.712,133.672
180.664,72.16,274.912,198.528,184.712,133.672
180.576,72.16,275,198.88,184.712,133.672
180.664,72.072,274.912,199.32,184.712,133.672
180.664,72.16,274.912,199.848,184.712,133.672
180.664,72.16,274.912,200.552,184.712,133.672
180.664,72.072,274.912,201.344,184.712,133.672
180.664,72.072,275,202.312,184.712,133.672
180.664,72.16,274.912,203.28,184.712,133.672
180.664,72.072,274.912,204.512,184.712,133.672
180.664,72.072,274.912,205.92,184.712,133.672
180.664,72.16,274.912,207.68,184.712,133.672
180.664,72.072,274.912,209.352,184.712,133.672
180.664,72.072,274.912,211.376,184.712,133.672
180.664,72.16,274.912,213.664,184.712,133.672
180.664,72.072,274.824,215.952,184.712,133.672
180.664,72.072,274.56,218.152,184.712,133.672
180.664,72.072,274.296,219.736,184.712,133.672
180.664,72.072,273.944,220.44,184.712,133.672
180.664,72.072,273.856,220.704,184.712,133.672
180.664,72.16,273.768,220.616,184.712,133.672
180.664,72.072,273.856,220.528,184.712,133.672
180.664,72.16,273.944,220.352,184.712,133.672
180.664,72.072,273.944,220.264,184.712,133.672
180.664,72.072,274.032,220.088,184.712,133.672
180.664,72.16,274.12,219.824,184.712,133.672
180.664,72.16,274.12,219.648,184.712,133.672
180.664,72.072,274.208,219.384,184.712,133.672
180.664,72.072,274.296,219.12,184.712,133.672
180.664,72.072,274.384,218.944,184.712,133.672
180.664,72.16,274.472,218.592,184.712,133.672
180.664,72.16,274.56,218.328,184.712,133.672
180.664,72.072,274.56,218.064,184.712,133.672
180.664,72.16,274.56,217.976,184.712,133.672
180.664,72.072,274.56,217.8,184.712,133.672
180.664,72.072,274.56,217.8,184.712,133.672
180.664,72.072,274.56,217.888,184.712,133.672
180.664,72.072,274.56,217.976,184.712,133.672
180.664,72.16,274.56,217.976,184.712,133.672
180.664,72.072,274.56,217.976,184.712,133.672
180.664,72.072,274.56,217.976,184.712,133.672
180.664,72.072,274.56,217.976,184.712,133.672
180.664,72.072,274.56,217.976,184.712,133.672
180.664,72.072,274.56,217.976,184.712,133.672
180.664,72.072,274.56,217.976,184.712,133.672
180.664,72.072,274.56,217.976,184.712,133.672
180.664,72.072,274.56,217.976,184.712,133.672
180.664,72.072,274.56,217.976,184.712,133.672
180.664,72.072,274.56,217.976,184.712,133.672
180.664,72.072,274.56,217.976,184.712,133.672
180.664,72.072,274.56,217.976,184.712,133.672
180.664,72.16,274.56,217.976,184.712,133.672
180.664,72.072,274.56,217.976,184.712,133.672
180.664,72.072,274.56,217.976,184.712,133.672
180.664,72.072,274.56,217.976,184.712,133.672
180.664,72.16,274.56,217.976,184.712,133.672
180.664,72.072,274.56,217.888,184.712,133.672
180.664,72.072,274.56,217.976,184.712,133.672
180.664,72.072,274.56,217.976,184.712,133.672
180.664,72.072,274.56,217.976,184.712,133.672
180.664,72.072,274.56,217.976,184.712,133.672
180.664,72.072,274.56,217.976,184.712,133.672
180.664,72.072,274.56,217.976,184.712,133.672
180.664,72.072,274.56,217.976,184.712,133.672
180.664,72.072,274.56,217.976,184.712,133.672
180.664,72.072,274.56,217.976,184.712,133.672
180.664,72.072,274.56,217.976,184.712,133.672
180.664,72.072,274.56,217.976,184.712,133.672
180.664,72.072,274.56,217.976,184.712,133.672
180.664,72.072,274.56,217.976,184.712,133.672
180.664,72.072,274.56,217.976,184.712,133.672
180.664,72.16,274.56,217.976,184.712,133.672
180.664,72.072,274.56,217.976,184.712,133.672
180.664,72.16,274.56,217.976,184.712,133.672
180.664,72.072,274.56,217.976,184.712,133.672
180.664,72.072,274.56,217.976,184.712,133.672
180.664,72.072,274.56,217.976,184.712,133.672
180.664,72.16,274.56,217.976,184.712,133.672
180.664,72.072,274.56,217.976,184.712,133.672
180.664,72.16,274.56,217.976,184.712,133.672
180.664,72.072,274.56,217.976,184.712,133.672
180.664,72.16,274.56,217.976,184.712,133.672
180.664,72.072,274.56,217.976,184.712,133.672
180.664,72.16,274.56,217.976,184.712,133.672
180.664,72.16,274.56,217.976,184.712,133.672
180.664,72.16,274.56,217.976,184.712,133.672
180.664,72.072,274.56,217.976,184.712,133.672
180.664,72.072,274.56,217.976,184.712,133.672
180.664,72.072,274.56,217.976,184.712,133.672
180.664,72.072,274.56,217.976,184.712,133.672
180.664,72.16,274.56,217.976,184.712,133.672
180.664,72.072,274.56,217.976,184.712,133.672
180.664,72.072,274.56,217.976,184.712,133.672
180.664,72.16,274.56,217.976,184.712,133.672
180.664,72.072,274.56,217.976,184.712,133.672
180.664,72.072,274.56,217.976,184.712,133.672
180.664,72.072,274.56,217.976,184.712,133.672
180.664,72.16,274.56,217.976,184.712,133.672
180.664,72.16,274.56,217.976,184.712,133.672
180.664,72.072,274.56,217.976,184.712,133.672
180.664,72.072,274.56,217.976,184.712,133.672
180.664,72.072,274.56,217.976,184.712,133.672
180.664,72.072,274.56,217.976,184.712,133.672
180.664,72.072,274.56,217.976,184.712,133.672
180.664,72.072,274.56,217.976,184.712,133.672
180.664,72.072,274.56,217.976,184.712,133.672
180.664,72.16,274.56,217.976,184.712,133.672
180.664,72.16,274.56,217.976,184.712,133.672
180.664,72.16,274.56,217.976,184.712,133.672
180.664,72.072,274.56,217.976,184.712,133.672
180.664,72.16,274.56,217.976,184.712,133.672
180.664,72.072,274.56,217.976,184.712,133.672
180.664,72.072,274.56,217.976,184.712,133.672
180.664,72.072,274.56,217.976,184.712,133.672
180.664,72.16,274.56,217.976,184.712,133.672
180.664,72.072,274.56,217.976,184.712,133.672
180.664,72.072,274.56,217.976,184.712,133.672
180.664,72.16,274.56,217.976,184.712,133.672
180.664,72.072,274.56,217.976,184.712,133.672
180.664,72.072,274.56,217.976,184.712,133.672
180.664,72.16,274.56,217.888,184.712,133.672
180.664,72.16,274.56,217.976,184.712,133.672
180.664,72.072,274.56,217.976,184.712,133.672
180.664,72.072,274.56,217.976,184.712,133.672
180.664,72.072,274.56,217.976,184.712,133.672
180.664,72.072,274.56,217.976,184.712,133.672
180.664,72.16,274.56,217.976,184.712,133.672
180.664,72.072,274.56,217.976,184.712,133.672
180.664,72.072,274.56,217.976,184.712,133.672
180.664,72.072,274.56,217.976,184.712,133.672
180.664,72.072,274.56,217.976,184.712,133.672
180.664,72.16,274.56,217.976,184.712,133.672
180.664,72.072,274.56,217.976,184.712,133.672
180.664,72.16,274.56,217.976,184.712,133.672
180.664,72.072,274.56,217.976,184.712,133.672
180.664,72.072,274.56,217.976,184.712,133.672
180.664,72.16,274.56,217.976,184.712,133.672
180.664,72.072,274.56,217.976,184.712,133.672
180.664,72.16,274.56,217.976,184.712,133.672
180.664,72.072,274.56,217.888,184.712,133.672
180.664,72.072,274.56,217.976,184.712,133.672
180.664,72.072,274.56,217.976,184.712,133.672
180.664,72.072,274.56,217.976,184.712,133.672
180.664,72.16,274.56,217.976,184.712,133.672
180.664,72.072,274.56,217.976,184.712,133.672
180.664,72.072,274.56,217.976,184.712,133.672
180.664,72.072,274.56,217.976,184.712,133.672
180.664,72.16,274.56,217.976,184.712,133.672
180.664,72.072,274.56,217.976,184.712,133.672
180.664,72.072,274.56,217.976,184.712,133.672
180.664,72.072,274.56,217.976,184.712,133.672
180.664,72.16,274.56,217.976,184.712,133.672
180.664,72.16,274.56,217.976,184.712,133.672
180.664,72.072,274.56,217.976,184.712,133.672
180.664,72.072,274.56,217.976,184.712,133.672
180.664,72.072,274.56,217.888,184.712,133.672
180.664,72.072,274.56,217.976,184.712,133.672
180.664,72.16,274.56,217.976,184.712,133.672
180.664,72.072,274.56,217.976,184.712,133.672
180.664,72.072,274.56,217.976,184.712,133.672
180.664,72.072,274.56,217.976,184.712,133.672
180.664,72.16,274.56,217.976,184.712,133.672
180.664,72.072,274.56,217.976,184.712,133.672
180.664,72.072,274.56,217.976,184.712,133.672
180.664,72.072,274.56,217.976,184.712,133.672
180.664,72.16,274.56,217.976,184.712,133.672
180.664,72.072,274.56,217.976,184.712,133.672
180.664,72.16,274.56,217.976,184.712,133.672
180.664,72.16,274.56,217.976,184.712,133.672
180.664,72.072,274.56,217.976,184.712,133.672
180.664,72.072,274.56,217.976,184.712,133.672
180.664,72.16,274.56,217.976,184.712,133.672
180.664,72.16,274.56,217.976,184.712,133.672
180.664,72.072,274.56,217.976,184.712,133.672
180.664,72.16,274.56,217.976,184.712,133.672
180.664,72.072,274.56,217.976,184.712,133.672
180.664,72.16,274.56,217.888,184.712,133.672
180.664,72.072,274.56,217.976,184.712,133.672
180.664,72.072,274.56,217.976,184.712,133.672
180.664,72.072,274.56,217.976,184.712,133.672
180.664,72.072,274.56,217.976,184.712,133.672
180.664,72.072,274.56,217.976,184.712,133.672
180.664,72.072,274.56,217.976,184.712,133.672
180.664,72.072,274.56,217.976,184.712,133.672
180.664,72.16,274.56,217.976,184.712,133.672
180.664,72.072,274.56,217.976,184.712,133.672
180.664,72.16,274.56,217.976,184.712,133.672
180.664,72.16,274.56,217.976,184.712,133.672
180.664,72.16,274.56,217.976,184.712,133.672
180.664,72.072,274.56,217.976,184.712,133.672
180.664,72.16,274.56,217.976,184.712,133.672
180.664,72.072,274.56,217.976,184.712,133.672
180.664,72.072,274.56,217.976,184.712,133.672
180.664,72.072,274.56,217.976,184.712,133.672
180.664,72.072,274.56,217.976,184.712,133.672
180.664,72.072,274.56,217.976,184.712,133.672
180.664,72.072,274.56,217.976,184.712,133.672
180.664,72.072,274.56,217.976,184.712,133.672
180.664,72.072,274.56,217.976,184.712,133.672
180.664,72.072,274.56,217.976,184.712,133.672
180.664,72.072,274.56,217.976,184.712,133.672
180.664,72.072,274.56,217.976,184.712,133.672
180.664,72.072,274.56,217.976,184.712,133.672
180.664,72.16,274.56,217.976,184.712,133.672
180.664,72.16,274.56,217.976,184.712,133.672
180.664,72.072,274.56,217.976,184.712,133.672
180.664,72.072,274.56,217.976,184.712,133.672
180.664,72.072,274.56,217.888,184.712,133.672
180.664,72.072,274.56,217.976,184.712,133.672
180.664,72.16,274.56,217.976,184.712,133.672
180.664,72.16,274.56,217.976,184.712,133.672
180.664,72.16,274.56,217.976,184.712,133.672
180.664,72.072,274.56,217.976,184.712,133.672
180.664,72.072,274.56,217.976,184.712,133.672
180.664,72.072,274.56,217.976,184.712,133.672
180.664,72.072,274.56,217.976,184.712,133.672
180.664,72.072,274.56,217.976,184.712,133.672
180.664,72.072,274.56,217.976,184.712,133.672
180.664,72.072,274.56,217.976,184.712,133.672
